0
5
9
13
19
23
31
38
43
46
49
52
55
58
60
63
66
68
70
73
77
80
82
84
86
88
90
92
94
96
99
102
104
106
109
113
116
118
120
122
124
126
128
130
132
135
138
142
144
146
147
148
149
150
151
153
155
156
157
158
159
160
161
162
163
164
168
171
176
180
186
190
193
194
195
196
197
198
199
200
201
202
203
204
205
206
207
208
209
210
211
212
213
214
215
216
217
218
219
220
221
222
223
224
225
226
227
228
229
230
231
232
233
234
235
237
239
240
241
242
243
247
251
257
262
266
269
272
277
280
282
284
286
289
291
293
297
300
304
305
313
316
319
322
327
328
329
330
331
334
336
339
340
341
343
344
345
346
347
348
349
350
351
352
353
355
356
357
358
359
360
361
362
363
364
365
366
367
368
369
370
371
372
374
376
379
380
381
382
383
384
385
386
387
388
389
390
391
392
393
394
395
396
397
398
399
400
401
402
403
405
406
407
408
409
410
411
412
413
414
415
416
417
418
419
420
422
424
426
427
429
430
431
436
440
443
446
449
451
452
454
456
459
463
464
467
469
470
473
476
478
480
481
482
483
487
489
491
495
497
499
500
501
502
503
504
507
509
510
511
512
513
514
521
528
529
532
533
534
535
537
540
543
546
548
550
551
552
553
558
562
570
571
575
581
584
586
590
594
597
599
601
602
603
604
605
606
607
608
616
623
628
633
634
637
639
644
645
646
647
648
649
650
652
655
656
657
659
664
668
669
677
685
689
692
695
698
699
700
701
704
707
710
711
713
715
717
719
720
725
729
733
737
740
741
747
749
751
756
757
761
767
768
770
772
774
775
779
785
788
789
792
793
795
798
801
805
806
807
808
812
814
822
826
830
831
832
833
834
835
837
840
843
845
847
849
851
857
861
863
868
872
876
880
886
889
892
894
897
898
903
905
908
912
916
919
924
925
927
928
930
932
933
934
935
937
938
940
942
944
947
949
955
957
959
960
961
963
964
967
969
971
973
974
975
976
978
979
980
981
983
988
990
991
994
997
998
1007
1014
1017
1018
1019
1021
1023
1025
1027
1028
1030
1032
1033
1034
1035
1037
1038
1039
1040
1042
1043
1044
1050
1054
1056
1057
1058
1060
1061
1062
1064
1066
1067
1068
1069
1075
1076
1077
1078
1080
1081
1083
1085
1087
1089
1092
1094
1099
1102
1105
1106
1109
1111
1112
1114
1116
1117
1118
1120
1122
1124
1128
1131
1135
1137
1139
1141
1145
1149
1152
1154
1155
1157
1159
1161
1164
1166
1167
1169
1176
1182
1186
1187
1190
1192
1195
1197
1207
1209
1213
1215
1217
1221
1224
1227
1229
1232
1234
1235
1238
1240
1242
1243
1247
1249
1251
1252
1254
1257
1258
1260
1264
1267
1269
1273
1276
1277
1281
1285
1288
1291
1294
1298
1299
1303
1305
1311
1316
1318
1320
1322
1324
1328
1330
1333
1335
1337
1341
1350
1357
1362
1365
1368
1371
1374
1376
1377
1378
1379
1380
1381
1382
1383
1384
1385
1386
1387
1391
1393
1397
1400
1401
1402
1407
1409
1410
1413
1415
1417
1419
1421
1423
1426
1427
1428
1429
1430
1431
1432
1438
1443
1447
1451
1454
1456
1458
1459
1464
1466
1469
1470
1472
1473
1477
1480
1481
1485
1487
1490
1493
1498
1501
1502
1503
1504
1507
1511
1516
1520
1524
1526
1528
1529
1530
1534
1535
1536
1537
1539
1541
1543
1548
1551
1553
1556
1558
1559
1561
1563
1565
1566
1571
1573
1575
1579
1582
1583
1585
1586
1589
1590
1595
1599
1602
1604
1606
1613
1617
1621
1623
1625
1628
1630
1632
1639
1643
1645
1653
1661
1667
1672
1675
1678
1680
1683
1685
1689
1691
1695
1698
1700
1708
1712
1716
1720
1723
1727
1730
1733
1734
1738
1743
1748
1752
1754
1755
1756
1762
1767
1769
1772
1773
1775
1779
1780
1785
1786
1790
1793
1796
1799
1801
1805
1806
1811
1816
1818
1820
1825
1829
1832
1837
1841
1845
1848
1852
1859
1863
1866
1873
1877
1882
1886
1892
1895
1899
1900
1905
1908
1911
1914
1916
1923
1928
1933
1936
1940
1943
1946
1949
1954
1957
1958
1970
1976
1979
1980
1985
1988
1990
1994
1996
2002
2010
2014
2016
2018
2021
2026
2030
2031
2032
2035
2036
2044
2045
2048
2056
2058
2069
2070
2071
2074
2076
2080
2084
2087
2090
2094
2097
2098
2099
2100
2102
2106
2108
2111
2113
2120
2123
2126
2129
2137
2139
2142
2145
2148
2150
2152
2153
2154
2156
2160
2163
2166
2171
2173
2174
2175
2176
2183
2187
2190
2195
2199
2202
2204
2214
2218
2221
2224
2227
2230
2234
2237
2239
2243
2246
2248
2249
2253
2256
2258
2260
2261
2262
2263
2264
2267
2270
2272
2273
2281
2286
2291
2296
2301
2304
2307
2310
2311
2313
2315
2316
2321
2326
2329
2331
2333
2339
2341
2344
2345
2346
2352
2357
2362
2366
2370
2373
2375
2377
2389
2392
2394
2396
2404
2407
2409
2411
2413
2417
2418
2419
2421
2422
2423
2424
2429
2432
2434
2438
2440
2442
2445
2447
2449
2450
2451
2452
2456
2458
2463
2464
2465
2471
2474
2476
2479
2482
2483
2484
2489
2492
2494
2496
2497
2504
2508
2510
2513
2514
2515
2521
2527
2530
2532
2533
2534
2537
2539
2541
2543
2544
2549
2553
2557
2559
2561
2563
2570
2574
2577
2581
2584
2587
2588
2591
2594
2597
2599
2601
2603
2604
2610
2615
2618
2622
2623
2627
2629
2630
2632
2634
2637
2639
2642
2644
2650
2654
2657
2660
2663
2665
2669
2672
2677
2679
2680
2683
2686
2688
2692
2695
2696
2698
2700
2703
2706
2713
2720
2723
2729
2731
2734
2737
2740
2742
2749
2754
2755
2757
2760
2763
2766
2774
2780
2786
2792
2797
2802
2806
2809
2812
2815
2819
2822
2829
2834
2837
2838
2839
2844
2845
2848
2851
2852
2856
2859
2861
2862
2864
2866
2868
2871
2889
2892
2897
2898
2903
2906
2908
2910
2912
2918
2923
2927
2931
2935
2938
2940
2943
2945
2947
2948
2949
2955
2958
2960
2966
2971
2975
2979
2983
2986
2989
2991
2993
2995
3002
3007
3010
3013
3016
3035
3044
3051
3058
3064
3069
3074
3079
3084
3088
3092
3096
3100
3103
3106
3109
3112
3115
3118
3121
3124
3127
3129
3131
3132
3133
3134
3139
3147
3151
3154
3156
3161
3163
3165
3168
3172
3174
3181
3186
3189
3193
3197
3202
3206
3209
3211
3215
3216
3223
3227
3229
3231
3233
3235
3237
3240
3243
3244
3250
3256
3260
3263
3266
3269
3272
3274
3276
3278
3280
3282
3285
3291
3297
3302
3306
3309
3311
3314
3316
3318
3320
3325
3329
3338
3343
3348
3352
3355
3358
3361
3363
3367
3368
3369
3372
3374
3378
3385
3391
3395
3398
3401
3404
3407
3409
3410
3411
3418
3430
3434
3457
3460
3463
3465
3466
3474
3480
3484
3488
3492
3495
3498
3501
3504
3510
3516
3521
3525
3528
3531
3534
3537
3538
3539
3540
3545
3550
3554
3556
3567
3569
3574
3577
3583
3586
3589
3592
3594
3596
3609
3610
3614
3615
3619
3621
3622
3623
3637
3643
3658
3659
3660
3661
3665
3667
3668
3673
3680
3682
3683
3684
3691
3692
3695
3696
3700
3706
3714
3718
3721
3723
3724
3726
3730
3733
3739
3743
3745
3746
3760
3772
3782
3792
3801
3809
3817
3823
3829
3835
3840
3845
3850
3855
3860
3865
3870
3874
3878
3882
3886
3890
3894
3897
3900
3903
3906
3909
3912
3915
3918
3921
3924
3927
3930
3933
3936
3938
3940
3942
3944
3946
3948
3949
3950
3954
3957
3959
3970
3976
3978
3981
3983
3999
4002
4005
4007
4012
4015
4017
4021
4025
4029
4031
4032
4038
4039
4050
4053
4055
4057
4063
4066
4069
4072
4074
4075
4117
4120
4122
4125
4148
4170
4187
4204
4220
4235
4250
4265
4279
4291
4303
4315
4326
4337
4347
4356
4364
4372
4380
4388
4396
4403
4410
4417
4424
4431
4438
4444
4450
4456
4462
4468
4474
4480
4486
4492
4498
4504
4509
4514
4519
4524
4529
4534
4539
4544
4549
4554
4559
4564
4569
4574
4579
4583
4587
4591
4595
4599
4603
4607
4611
4615
4619
4623
4627
4631
4635
4639
4643
4647
4651
4655
4659
4663
4667
4671
4675
4679
4683
4687
4691
4695
4699
4703
4707
4711
4714
4717
4720
4723
4726
4729
4732
4735
4738
4741
4744
4747
4750
4753
4756
4759
4762
4765
4768
4771
4774
4777
4780
4783
4786
4789
4792
4795
4798
4800
4802
4804
4806
4808
4810
4812
4814
4816
4818
4820
4822
4824
4826
4828
4830
4832
4834
4836
4838
4840
4842
4844
4846
4848
4850
4852
4854
4855
4856
4857
4863
4868
4872
4876
4880
4883
4886
4889
4891
4893
4894
4895
4897
4900
4901
4906
4909
4912
4913
4914
4918
4919
4925
4930
4935
4938
4941
4944
4947
4950
4951
4953
4954
4955
4956
4957
4963
4968
4969
4976
4981
4986
4991
4996
5000
5003
5006
5007
5014
5021
5027
5032
5037
5042
5046
5050
5053
5055
5065
5070
5072
5077
5082
5085
5089
5090
5094
5098
5100
5111
5116
5121
5122
5123
5133
5138
5141
5145
5151
5160
5161
5165
5169
5172
5180
5184
5189
5190
5192
5195
5197
5202
5206
5212
5216
5225
5230
5234
5253
5254
5256
5264
5268
5272
5273
5275
5278
5281
5282
5285
5286
5289
5297
5300
5303
5306
5309
5312
5313
5316
5324
5331
5338
5344
5350
5355
5360
5365
5370
5375
5379
5383
5387
5391
5395
5398
5401
5404
5407
5410
5412
5414
5416
5418
5424
5429
5432
5433
5434
5436
5447
5454
5461
5466
5471
5476
5481
5486
5490
5493
5495
5496
5497
5498
5503
5508
5513
5518
5523
5527
5531
5535
5539
5542
5545
5548
5551
5554
5557
5560
5563
5566
5568
5570
5572
5574
5576
5578
5580
5582
5583
5589
5594
5597
5601
5605
5608
5610
5617
5623
5627
5632
5643
5648
5663
5669
5672
5676
5680
5685
5686
5704
5713
5719
5725
5731
5736
5740
5744
5748
5752
5755
5757
5760
5762
5771
5775
5777
5780
5789
5806
5815
5821
5826
5830
5834
5837
5840
5843
5846
5849
5851
5853
5855
5856
5866
5872
5877
5881
5885
5888
5891
5894
5904
5914
5919
5923
5926
5927
5932
5935
5937
5939
5941
5942
5947
5952
5954
5956
5957
5958
5965
5974
5982
5985
5988
5989
5995
6000
6002
6004
6007
6015
6019
6023
6027
6030
6034
6035
6041
6047
6052
6055
6060
6064
6066
6071
6075
6076
6083
6089
6094
6099
6103
6106
6109
6111
6116
6119
6121
6123
6124
6129
6133
6137
6140
6143
6149
6154
6156
6161
6163
6165
6166
6169
6171
6173
6174
6180
6184
6186
6187
6196
6208
6213
6217
6222
6226
6230
6236
6241
6245
6248
6251
6252
6257
6259
6261
6266
6269
6271
6276
6281
6285
6288
6291
6296
6301
6304
6307
6314
6319
6323
6327
6333
6336
6340
6342
6348
6349
6350
6380
6382
6387
6395
6400
6402
6405
6409
6426
6441
6447
6451
6458
6488
6492
6495
6498
6500
6512
6523
6532
6540
6548
6554
6560
6566
6571
6576
6581
6586
6590
6594
6598
6601
6604
6607
6609
6617
6624
6631
6636
6641
6646
6649
6652
6657
6660
6663
6665
6672
6676
6680
6684
6686
6696
6703
6709
6714
6720
6725
6728
6730
6739
6743
6747
6751
6754
6773
6779
6791
6801
6809
6815
6827
6831
6836
6841
6845
6847
6848
6879
6884
6887
6891
6895
6906
6927
6932
6948
6950
6963
6969
6977
6982
6985
6995
7001
7009
7012
7028
7045
7046
7047
7050
7071
7083
7087
7091
7093
7097
7101
7104
7107
7110
7116
7119
7122
7125
7128
7131
7134
7136
7138
7143
7147
7150
7154
7157
7159
7161
7163
7164
7170
7175
7179
7181
7186
7188
7190
7193
7196
7202
7207
7210
7211
7217
7220
7221
7299
7302
7304
7305
7310
7314
7323
7328
7329
7336
7341
7346
7351
7354
7356
7362
7367
7369
7381
7388
7391
7401
7403
7405
7410
7412
7417
7423
7425
7433
7437
7439
7441
7444
7446
7456
7466
7634
7636
7638
7641
7642
7643
7644
7645
7678
7681
7683
7686
7689
7690
7693
7695
7697
7700
7707
7711
7713
7718
7722
7724
7726
7738
7740
7742
7744
7749
7750
7751
7752
7753
7758
7761
7768
7773
7805
7822
7826
7828
7830
7832
7836
7843
7850
7855
7858
7862
7865
7873
7879
7884
7889
7894
7899
7903
7907
7911
7915
7919
7923
7926
7929
7932
7934
7936
7938
7940
7942
7944
7946
7948
7950
7952
7954
7956
7960
7964
7967
7976
7981
7986
7991
7995
7998
8000
8002
8011
8017
8022
8026
8030
8033
8035
8037
8041
8044
8046
8047
8053
8058
8061
8066
8070
8072
8075
8080
8082
8085
8092
8098
8103
8110
8115
8118
8128
8132
8134
8170
8174
8178
8181
8183
8185
8204
8248
8251
8255
8263
8271
8278
8285
8291
8296
8301
8305
8309
8313
8317
8320
8323
8326
8329
8331
8333
8335
8337
8358
8365
8371
8376
8380
8383
8386
8389
8392
8394
8396
8398
8421
8439
8447
8451
8455
8459
8461
8474
8476
8483
8489
8494
8499
8504
8509
8512
8515
8518
8520
8522
8528
8530
8531
8541
8546
8548
8555
8560
8567
8573
8576
8578
8590
8598
8602
8605
8607
8609
8610
8618
8619
8620
8625
8630
8634
8638
8641
8657
8660
8663
8666
8668
8670
8673
8676
8679
8680
8684
8687
8689
8693
8696
8699
8701
8703
8708
8712
8714
8724
8733
8741
8751
8760
8767
8773
8778
8783
8788
8793
8798
8803
8807
8811
8815
8819
8823
8827
8831
8835
8839
8843
8847
8851
8855
8858
8861
8864
8867
8870
8873
8876
8879
8882
8884
8886
8888
8890
8892
8894
8896
8898
8900
8902
8904
8906
8908
8910
8912
8914
8916
8917
8918
8919
8920
8921
8922
8923
8924
8925
8926
8927
8928
8960
8970
8980
8989
8997
9004
9011
9018
9024
9029
9034
9039
9043
9047
9051
9055
9059
9062
9065
9068
9071
9074
9077
9080
9083
9086
9089
9091
9093
9095
9097
9099
9101
9115
9118
9121
9124
9127
9129
9136
9152
9164
9172
9180
9188
9195
9202
9208
9214
9219
9224
9229
9234
9239
9244
9249
9254
9259
9264
9268
9272
9276
9280
9284
9288
9292
9296
9300
9304
9308
9312
9316
9319
9322
9325
9328
9331
9334
9337
9340
9343
9346
9349
9352
9354
9356
9358
9360
9362
9364
9366
9368
9370
9372
9374
9376
9378
9380
9381
9382
9383
9391
9399
9406
9411
9416
9420
9424
9428
9432
9435
9438
9440
9442
9444
9446
9447
9448
9450
9451
9463
9466
9472
9478
9483
9488
9493
9498
9502
9506
9510
9514
9516
9518
9520
9527
9530
9533
9536
9539
9579
9585
9589
9591
9602
9612
9621
9627
9633
9639
9645
9650
9654
9658
9662
9666
9670
9673
9676
9679
9682
9685
9688
9691
9694
9696
9698
9700
9702
9704
9706
9732
9749
9758
9762
9775
9777
9785
9792
9797
9801
9806
9816
9824
9830
9839
9853
9858
9860
9862
9866
9869
9872
9874
9876
9881
9888
9893
9897
9901
9905
9908
9909
9983
10017
10025
10028
10030
10095
10108
10109
10111
10115
10122
10126
10130
10133
10135
10137
10143
10149
10154
10157
10160
10162
10181
10188
10191
10194
10196
10198
10200
10229
10234
10237
10239
10241
10243
10245
10246
10252
10256
10259
10264
10267
10271
10274
10275
10291
10298
10305
10308
10319
10324
10329
10332
10336
10338
10341
10355
10362
10379
10390
10400
10405
10409
10413
10417
10420
10422
10424
10425
10430
10435
10440
10443
10445
10447
10449
10451
10455
10457
10458
10470
10472
10479
10485
10489
10492
10494
10496
10498
10500
10503
10505
10507
10509
10519
10524
10526
10527
10530
10533
10535
10540
10541
10546
10550
10553
10554
10555
10556
