1
2
3
5
6
0
3
5
6
0
3
5
6
0
1
2
4
5
7
3
5
6
7
0
1
2
3
4
6
7
8
0
1
2
4
5
7
8
3
4
5
6
8
5
6
7
10
11
12
9
11
12
9
10
12
9
10
11
14
15
13
15
16
13
14
16
14
15
18
19
17
19
20
17
18
20
21
18
19
21
19
20
23
24
22
24
22
23
26
27
25
27
25
26
29
30
28
30
31
28
29
31
29
30
33
34
32
34
35
32
33
35
36
33
34
36
34
35
38
39
37
39
37
38
41
42
40
42
40
41
44
45
43
45
46
43
44
46
44
45
47
48
46
48
46
47
50
49
52
51
54
53
55
54
56
55
58
57
60
59
62
61
64
63
66
67
68
69
65
67
69
65
66
68
69
70
65
67
69
70
65
66
67
68
70
71
67
68
69
71
69
70
72
71
74
73
76
75
78
77
80
79
82
81
84
83
86
85
88
87
90
89
92
91
94
93
96
95
98
97
100
99
102
101
104
103
106
105
108
107
110
109
112
111
114
113
115
114
116
115
118
117
122
121
122
123
124
120
122
123
124
119
120
121
123
125
127
120
121
122
125
127
120
121
126
127
122
123
127
124
128
132
122
123
124
125
133
126
132
134
135
136
131
137
130
137
126
128
139
127
139
128
139
129
136
139
140
129
135
140
130
131
139
141
142
132
133
134
135
137
141
142
143
135
136
143
137
139
143
138
139
143
139
140
141
142
144
143
146
145
148
147
149
150
148
150
148
149
151
150
153
152
154
153
156
155
158
157
160
159
162
161
164
163
165
164
167
166
169
168
171
170
173
172
175
174
177
176
179
178
181
180
183
184
182
184
182
183
185
184
187
186
189
188
191
190
193
192
195
194
197
196
199
198
201
200
203
202
205
204
207
206
209
208
210
209
212
211
214
213
216
215
218
217
220
219
225
237
240
248
221
249
242
254
242
254
259
235
272
272
272
233
234
236
272
273
232
234
236
273
232
233
273
229
272
273
232
233
273
222
275
282
281
284
223
288
288
289
290
226
227
254
293
296
245
265
308
244
308
311
248
250
315
224
247
315
225
315
247
315
323
326
328
226
227
242
330
257
331
257
331
255
256
293
332
331
332
228
335
339
344
351
352
357
244
308
360
295
360
360
363
366
366
366
229
230
231
232
235
273
367
232
233
234
235
236
272
367
367
237
367
368
370
370
372
297
375
288
290
379
239
282
381
238
281
381
308
381
239
381
390
390
391
240
241
280
289
396
241
288
290
396
241
280
289
333
396
397
400
401
403
330
331
334
407
242
257
308
309
330
409
308
341
412
266
413
243
399
402
415
279
298
375
450
297
375
450
453
454
359
456
456
456
457
463
464
471
483
244
245
265
283
293
294
310
491
293
310
311
330
374
409
491
308
309
311
380
491
246
309
310
403
491
499
357
502
503
357
503
247
248
249
250
507
514
516
518
519
519
523
523
524
251
525
526
528
531
252
534
328
348
349
415
535
253
327
354
536
537
254
292
293
309
334
407
409
543
255
256
258
292
332
461
535
543
257
258
331
543
290
400
543
292
330
543
259
412
544
555
557
561
260
567
568
431
569
570
294
412
576
576
574
577
261
588
518
588
575
589
592
327
349
354
535
595
327
348
536
595
399
402
415
595
262
396
536
595
263
563
596
596
328
348
397
535
597
599
356
613
355
613
264
313
314
503
615
619
300
456
457
624
265
266
267
413
414
625
628
635
636
268
638
580
643
645
269
270
271
647
272
273
274
275
368
649
275
367
649
649
276
277
650
650
278
653
409
652
656
309
652
656
279
297
298
661
662
662
662
280
456
457
663
310
664
281
282
283
284
382
383
594
665
381
383
497
665
381
382
594
665
674
678
679
680
680
428
681
285
286
689
287
411
702
393
702
392
702
436
707
417
711
288
289
290
351
397
713
290
354
396
713
399
713
296
350
398
402
714
290
333
543
714
290
543
713
714
296
350
399
714
291
311
404
491
622
715
403
405
715
404
670
715
670
715
292
330
716
716
293
309
330
373
717
729
730
391
702
731
294
335
341
743
295
360
414
743
360
413
743
296
327
350
714
744
744
395
758
760
420
761
419
761
761
765
767
498
771
772
427
777
426
777
389
778
430
771
780
429
780
340
567
568
570
571
781
749
783
749
783
783
788
394
789
792
760
767
799
583
799
583
799
583
799
803
803
804
764
806
807
809
811
806
825
297
298
661
775
828
711
829
834
299
454
840
299
453
840
843
300
301
302
359
379
457
458
663
844
303
359
379
456
458
663
844
456
457
844
847
850
331
854
803
866
304
869
305
869
871
839
872
825
873
874
874
880
306
894
895
900
901
695
905
913
914
479
480
858
859
860
915
478
859
860
915
478
915
917
920
307
922
927
931
664
932
564
932
932
934
935
308
309
310
311
403
937
944
949
956
700
961
973
382
974
424
975
312
976
910
990
510
578
991
313
991
313
314
357
991
996
505
973
996
504
973
996
1001
315
944
1010
944
1010
1010
501
1011
861
1015
1019
1023
316
1024
1031
1036
317
1041
846
968
969
1046
318
345
1047
319
320
522
1061
521
1061
520
1062
519
1063
321
322
524
1064
322
523
525
1064
323
524
1064
323
1064
1066
324
1088
530
1091
529
1091
325
1083
1093
751
1095
1095
326
1097
327
331
348
354
536
599
1101
328
349
351
535
537
1101
329
536
595
1101
1101
772
1100
1102
1100
1102
542
1028
1104
541
1104
330
331
332
333
334
400
401
716
744
1105
335
1105
858
1080
1103
1106
1113
1116
1091
1130
1091
1130
1131
1132
1091
1130
1132
1130
1133
1138
1136
1139
1071
1072
1141
1130
1144
1152
336
556
1157
555
1157
337
1157
1157
703
800
820
1168
773
1169
338
1169
1169
352
1172
487
932
1173
1175
809
1176
339
431
781
1179
339
431
1179
340
1179
340
431
571
1180
431
570
1180
1185
574
670
1177
1189
343
573
1189
1190
346
1081
1191
341
342
1192
343
1193
1194
501
911
1202
1203
1206
364
643
911
1213
584
1214
698
789
790
1215
1216
1217
439
440
441
799
1218
581
1220
586
1222
585
1222
981
1229
344
345
987
1231
346
1233
718
719
1234
613
1235
347
1238
1007
1016
1054
1239
381
383
598
600
601
715
844
1024
1241
348
349
350
351
537
597
1241
352
353
845
1172
1241
354
595
1241
594
600
1241
354
535
1241
594
598
1241
594
1241
1241
1241
1241
1241
1241
1241
1241
1241
1241
1241
1241
355
356
591
1242
1207
1246
357
1000
1203
1247
619
915
1249
1249
1254
358
616
999
1013
1266
853
1267
1268
403
626
1270
627
1270
359
1270
360
1270
622
1270
623
1270
361
993
1272
1272
1273
1280
1280
1280
1282
362
636
637
1125
1126
1288
362
635
637
1125
1288
635
636
1125
1288
363
979
1129
1288
640
641
1288
639
1288
639
1288
1289
364
580
1212
1213
1290
1120
1294
365
1091
1295
1306
366
1307
1307
367
368
369
1315
370
371
1315
1316
373
374
656
1322
372
1322
655
866
1324
654
866
1324
373
374
652
657
1332
656
1171
1332
1352
1355
1365
375
450
1369
376
377
378
1372
379
456
457
844
1373
380
486
932
1373
381
382
383
1373
667
1373
666
1373
1373
1373
405
406
573
1374
1377
1377
1379
384
1383
676
1385
675
1385
711
773
774
792
1387
385
710
1387
386
1387
387
388
1389
389
1391
1395
1334
1397
685
1397
684
1397
1397
712
830
1368
1369
1401
796
1401
390
1401
848
928
980
1402
793
794
1402
1402
756
1403
1404
475
770
1405
1405
828
1298
1387
1404
1406
582
791
1214
1407
724
1219
1407
495
1407
1268
1407
391
392
393
411
768
800
1408
559
722
799
1408
820
929
1405
1408
767
1408
726
1408
394
825
1409
825
1409
825
1409
678
746
769
774
1266
1409
1410
395
451
677
1410
687
1411
396
397
398
401
714
717
743
1412
399
400
401
402
415
713
744
1412
403
404
405
406
594
1412
407
408
543
1192
1412
409
713
1412
590
1234
1412
590
1412
764
1403
1413
1368
1413
703
767
1408
1414
790
1414
699
1407
1409
1415
736
772
1415
706
1415
737
738
739
848
928
980
1402
1416
768
800
1408
1417
410
786
801
1418
410
786
801
1418
411
820
1418
775
823
873
1419
825
873
1419
775
873
1419
1419
725
772
1415
1420
727
928
1402
1416
1421
727
928
1402
1416
1421
727
928
1402
1421
861
1423
1423
1423
412
413
414
713
958
1424
415
416
543
714
1424
1171
1424
710
775
1426
1428
1422
1429
432
433
823
1430
1430
532
820
1168
1418
1431
1431
848
1158
1402
1432
848
1402
1432
1402
1416
1432
693
1403
1433
818
1433
417
1403
1404
1434
1434
418
438
1100
1298
1435
419
420
421
1215
1435
1391
1435
1407
1435
445
720
806
1413
1436
422
776
1413
1436
776
1413
1436
423
438
705
722
1437
702
728
779
1437
710
770
1409
1438
695
769
1438
424
429
831
1439
425
539
725
736
1401
1420
1440
560
677
1169
1442
677
710
1442
450
732
734
746
873
1436
1443
765
766
779
1444
426
427
1410
1430
1445
428
1387
1410
1445
768
776
800
1408
1417
1446
429
430
1447
431
567
1179
1449
1450
432
433
434
823
1452
823
1406
1455
823
1406
1455
729
730
1456
1405
1456
435
793
794
799
822
1406
1457
436
582
790
1168
1458
582
723
789
1414
1458
698
1216
1460
437
677
1446
1463
691
788
1463
691
788
1463
1414
1427
1464
688
1401
1404
1428
1465
1413
1443
1466
1466
438
439
440
441
583
703
788
1218
1406
1448
1457
1468
559
702
728
779
1462
1468
729
730
1468
1470
442
443
462
1042
1471
444
805
1474
804
1474
445
449
764
1475
446
1475
961
1410
1426
1459
1473
1478
447
566
1175
1422
1429
1453
1454
1480
813
1405
1426
1482
448
1484
1371
1485
810
1426
1488
815
825
1409
1431
1490
814
825
1409
1490
1492
1496
757
1433
1497
1498
559
704
731
751
1418
1473
1481
1501
1502
788
1409
1503
732
749
783
784
785
873
1430
1505
1401
1506
449
467
707
708
709
733
814
815
1266
1336
1514
1518
1524
450
697
1525
451
1532
687
1368
1369
1539
771
1401
1405
1543
1387
1406
1547
1391
1482
1547
452
1420
1458
1548
1240
1392
1548
1548
1548
1552
466
1556
453
454
1027
1560
1298
1562
1569
1570
1574
455
1578
456
457
458
594
663
1241
1583
596
1172
1583
517
968
1583
459
1373
1583
690
727
753
754
928
1402
1416
1584
1471
1584
460
852
1586
852
974
1586
850
851
1586
620
1586
461
1586
1587
1588
1397
1589
478
545
1162
1590
478
479
1590
478
479
1590
511
740
1158
1423
1593
1302
1595
1595
1599
1599
462
654
655
867
926
1324
1601
866
1323
1397
1601
1038
1324
1605
463
464
1306
1552
1609
871
956
1048
1609
465
870
1609
466
1613
467
732
733
734
775
823
1402
1419
1504
1616
468
469
1320
1616
876
1096
1616
875
1096
1616
979
1341
1616
1162
1397
1616
880
1060
1613
1621
470
879
1621
1595
1624
883
884
1030
1625
882
1030
1625
882
1625
1625
887
889
1615
1626
886
1555
1626
1508
1626
886
1626
1626
1626
1626
1626
471
1382
1628
472
950
1628
1316
1629
1629
899
900
901
902
903
904
1427
1631
898
901
902
1427
1631
473
898
902
904
1631
474
898
899
903
1631
898
899
900
1427
1631
898
901
1631
898
900
1631
475
1026
1632
1640
1640
1641
1597
1642
1644
500
990
994
997
1645
578
580
1253
1290
1645
973
996
1645
476
1645
477
1645
478
479
480
616
1590
1649
1367
1650
481
1047
1656
1656
1658
482
922
924
1270
1272
1659
958
979
1274
1424
1659
483
920
924
925
1659
958
985
1103
1659
920
922
925
1659
922
924
1659
866
1659
484
1666
690
727
737
738
739
848
980
1416
1425
1432
1491
1667
704
1437
1667
1225
1667
485
1667
486
487
488
564
664
933
1048
1668
932
1048
1668
489
1673
490
1676
1191
1677
491
1273
1412
1678
1678
1681
1048
1685
1687
1692
1697
492
507
508
1010
1707
946
1398
1713
945
1713
948
1316
1382
1716
947
1716
493
1718
895
1693
1719
952
1720
951
1720
1728
1730
1735
494
870
964
1741
1227
1748
743
921
923
985
1749
1749
1749
495
808
1095
1435
1473
1750
1448
1449
1750
1412
1750
956
1668
1751
968
1173
1752
1754
1756
517
846
965
1173
1758
517
1752
1758
1697
1758
1683
1758
1758
496
504
505
912
996
1227
1759
497
851
1586
1759
498
1759
499
1228
1762
1768
1771
638
877
921
1229
1230
1772
690
727
928
1402
1416
1772
587
1229
1772
1645
1772
1772
1772
923
958
1776
1751
1776
588
1776
1751
1776
1776
500
910
1290
1645
1777
501
502
503
1777
1254
1324
1605
1777
628
1777
910
1777
1290
1777
503
504
505
912
973
1645
1778
910
1645
1777
1778
1290
1777
1778
619
1013
1704
1779
615
1201
1781
506
1248
1781
1781
1012
1641
1786
1782
1785
1787
1640
1645
1792
1054
1793
593
1793
1773
1794
1799
507
508
509
944
1012
1800
510
1246
1290
1777
1800
1003
1010
1800
619
999
1779
1801
1801
511
1267
1340
1802
593
1806
1806
1621
1807
512
1812
1044
1073
1813
1043
1813
1394
1751
1814
513
1818
514
594
1241
1307
1390
1824
1032
1307
1632
1824
905
1307
1824
840
1275
1825
541
1104
1827
1032
1829
882
883
1625
1830
515
1830
1831
1025
1029
1033
1714
1832
1032
1832
1832
1036
1377
1834
515
1035
1834
1788
1834
868
1324
1605
1837
1599
1818
1838
1840
516
1841
803
1842
1021
1045
1843
1020
1073
1844
1043
1310
1393
1697
1752
1758
1846
517
1285
1680
1682
1688
1812
1847
518
917
1852
870
932
933
940
1256
1854
1183
1857
1674
1846
1864
1412
1754
1865
1412
1754
1865
1864
1865
593
1006
1055
1794
1796
1850
1867
1054
1633
1793
1794
1867
1871
1871
1872
1621
1622
1879
1621
1622
1879
879
1621
1879
519
520
1062
1063
1066
1067
1068
1880
521
1061
1063
1065
1070
1880
522
1061
1062
1067
1606
1880
523
524
525
526
1068
1880
1062
1066
1069
1070
1880
527
1061
1065
1069
1880
1061
1063
1606
1880
1061
1064
1880
1065
1066
1880
1062
1065
1880
552
1141
1147
1882
552
1147
1882
1020
1044
1074
1075
1813
1818
1883
1073
1075
1818
1841
1883
1073
1074
1883
1885
1885
1813
1818
1819
1837
1886
1887
545
1846
1895
575
1762
1895
1895
531
1084
1691
1898
1083
1093
1898
1691
1898
1899
1714
1903
528
1903
1904
1906
1115
1150
1907
529
530
547
548
549
645
1092
1130
1131
1132
1133
1135
1136
1138
1142
1143
1149
1908
1091
1131
1908
531
1084
1691
1898
1909
1910
532
533
961
1321
1911
875
876
1911
534
1913
1317
1913
1879
1913
539
540
760
1102
1298
1918
535
536
537
538
1918
539
540
1100
1918
545
923
1274
1918
541
542
1028
1918
543
544
1918
545
1918
1108
1373
1921
1107
1921
1397
1921
1922
1925
1116
1117
1118
1119
1738
1926
546
1151
1926
1904
1926
1090
1120
1148
1294
1907
1927
546
1112
1151
1926
1927
1112
1119
1926
1927
1112
1738
1926
1927
1112
1117
1926
1927
644
1115
1927
1727
1926
1927
1738
1927
1926
1927
1915
1928
635
636
637
1126
1288
1289
1930
635
1125
1288
1289
1930
1288
1289
1930
1288
1289
1930
638
1288
1930
547
548
549
550
553
1091
1132
1133
1134
1135
1137
1138
1140
1143
1144
1145
1146
1149
1931
548
1091
1092
1132
1134
1135
1142
1908
1931
548
549
1091
1130
1131
1135
1931
550
1091
1130
1138
1142
1145
1931
1130
1131
1136
1137
1139
1931
1091
1130
1131
1132
1931
551
1091
1134
1137
1931
1130
1134
1136
1139
1931
550
1091
1130
1133
1931
551
1134
1137
1931
1130
1146
1153
1931
552
1071
1882
1931
1091
1131
1133
1931
1091
1130
1931
553
1130
1931
1130
1133
1931
1130
1140
1931
1071
1072
1931
1115
1926
1931
1091
1130
1931
1090
1904
1931
1113
1116
1931
554
1931
1140
1931
1932
1932
1933
555
556
557
558
1935
753
861
1159
1160
1402
1421
1522
1936
1158
1160
1421
1936
1158
1159
1936
1162
1938
858
878
1161
1603
1939
1397
1939
1603
1940
1354
1937
1941
1304
1323
1600
1943
1330
1944
559
751
789
1415
1517
1630
1949
560
561
562
773
1949
1298
1391
1949
657
745
1332
1955
563
596
845
1955
564
965
968
1673
1958
1758
1956
1957
1958
565
809
1962
566
1962
573
1189
1721
1967
1967
567
568
569
781
1180
1449
1968
570
571
1179
1968
1770
1972
1775
1972
1049
1974
1637
1974
572
1974
1748
1972
1977
1212
1645
1978
1982
573
574
1177
1194
1967
1985
574
1193
1196
1611
1772
1985
575
936
1675
1985
576
716
1985
577
1190
1985
577
1189
1985
1239
1967
1985
1190
1985
1198
1985
1197
1985
1328
1986
1980
1986
1000
1250
1987
578
1203
1246
1247
1987
1988
578
615
1202
1780
1987
1988
1205
1780
1825
1987
1988
1204
1246
1987
1988
579
1987
1988
614
1988
1210
1211
1989
1792
1989
1208
1989
1208
1989
643
1187
1792
1798
1990
580
643
1290
1990
581
698
1215
1216
1217
1220
1221
1407
1991
582
761
1214
1407
1991
582
791
1214
1407
1991
582
1214
1407
1991
583
799
1991
699
1407
1991
584
1214
1991
1214
1991
585
586
1773
1993
1993
1993
930
1964
1994
1965
1994
957
973
1963
1995
976
1229
1230
1232
1274
1895
1998
587
979
981
1228
1230
1998
979
1228
1229
1998
588
1373
1998
1228
1963
1998
589
1972
1998
590
718
1998
591
1998
1998
1998
592
1256
1257
1854
1983
1999
2000
593
1195
1282
1297
1394
1755
1760
1763
1764
1929
2001
2002
835
1755
2001
2002
594
595
596
597
598
599
600
601
602
603
604
605
606
607
608
609
610
611
612
844
1024
1740
2003
613
1998
2003
1244
1849
2003
1243
2003
2003
614
1011
1202
1205
1247
1250
1290
2004
615
1202
1246
1987
1988
2004
1001
1645
1825
2004
616
617
1275
2004
1201
1246
1792
2004
1801
1875
2004
1461
1801
2004
911
1290
2004
618
992
2005
1256
1257
1745
1746
1854
2006
1048
1238
1255
1257
1609
2006
1238
1255
1256
1260
2006
1745
1746
1747
2006
1262
1751
2006
1257
1692
2006
1262
1745
2006
1259
1261
2006
2006
2006
2006
619
710
825
1918
2008
620
1015
1308
1596
2008
621
701
1308
2008
1918
2008
622
623
624
625
626
627
920
1380
1584
2003
2009
1308
2009
628
629
920
1977
2010
630
937
2010
921
1103
1228
1897
1998
2011
1027
1249
2011
1277
1776
2011
1276
1776
2011
1822
2013
1280
2013
631
632
633
1279
1329
1484
1598
1645
1848
1976
1978
2013
2014
2014
634
1239
1297
2015
2015
1751
1772
1986
2018
1046
2018
2018
2018
635
636
637
638
639
640
641
1125
1126
1127
1128
1129
1930
2021
642
1125
1126
1127
1128
2021
643
911
990
995
998
1011
1213
1246
1253
1645
1777
1778
1800
1990
2022
2022
2022
2023
644
1115
1927
2024
645
2024
2024
1239
1282
1760
1763
2025
697
760
841
1100
1170
1391
2026
2027
2028
2029
2029
862
1323
1327
1335
1338
1947
2031
2039
1166
1712
2041
2043
646
869
1616
2044
647
648
1024
1025
1026
2045
1267
1268
1271
1309
1350
2008
2009
2051
1308
1802
2008
2051
1045
1758
2052
2018
2052
2057
1679
2058
1829
1830
1833
2059
649
650
2061
651
896
947
1628
1716
2063
1098
1879
2038
2063
1608
2064
2064
874
1326
1330
1333
1335
1342
1345
1350
1353
1356
1397
1596
1944
2066
1095
1322
1325
1326
1337
1344
1595
1820
1836
1940
1950
2066
652
653
1321
1323
1331
1334
1337
1339
1344
2066
867
1166
1302
1322
1346
1348
1587
1596
1599
2066
654
655
866
868
992
1038
1330
1601
2066
1321
1326
1346
1347
1348
1352
1918
2066
1320
1321
1325
1397
1820
1940
2052
2066
1302
1331
1335
1636
1939
2066
1199
1397
1980
1985
2003
2066
1280
1333
1397
1598
1939
2066
1167
1320
1324
1712
2066
1322
1327
1397
2050
2066
656
657
1171
1616
2066
1320
1329
1351
1353
2066
683
1322
1338
1339
2066
1302
1320
1327
1397
2066
825
1409
1452
1918
2066
1321
1322
1397
2066
1302
1334
1397
2066
1322
1334
1397
2066
1015
2008
2009
2066
877
1397
1938
2066
1320
1356
1912
2066
1936
1937
2066
1321
1322
2066
1320
1639
2066
1323
1325
2066
1325
1918
2066
1323
1325
2066
1397
1596
2066
1308
1320
2066
1333
1925
2066
658
1325
2066
1320
1333
2066
1165
1918
2066
659
1985
2066
1320
1342
2066
1954
2066
1941
2066
1911
2066
1595
2066
1912
2066
1638
2066
2067
2068
660
1366
1450
2070
1365
1450
2070
916
2071
687
721
830
1369
1441
1467
1469
1476
1477
1499
2072
661
687
830
1368
1643
2072
1403
2072
812
1523
2073
662
2075
663
664
665
666
667
668
669
847
1107
1231
1583
1584
1588
1673
1741
2076
670
1380
2076
1376
2077
2078
1375
2078
671
672
1035
1833
2079
2008
2032
2081
673
2082
1270
1374
2018
2084
1563
1698
1699
2084
894
947
2057
2084
674
2084
2084
675
676
1403
1425
1526
2085
2086
677
678
679
697
778
832
1406
1442
1445
1547
2087
1899
1901
2087
680
2087
1024
2087
681
762
833
1170
1298
2092
835
1922
2092
1045
1758
2096
1022
1239
2097
682
2099
2099
683
684
685
686
857
867
878
1109
1163
1320
1326
1328
1329
1331
1335
1337
1338
1339
1341
1349
1560
1591
1596
1597
1598
1600
1602
1604
1617
1712
1803
1836
1921
1936
1938
1939
1940
1941
1942
1946
2051
2100
945
1648
2101
1629
2101
1633
2092
2102
687
688
689
772
796
824
831
1428
1433
1440
1441
1451
1461
1469
1472
1476
1477
1479
1493
1495
1643
1749
2103
690
691
692
727
737
738
739
753
754
755
848
873
980
1158
1416
1421
1432
1491
1505
1918
2066
2103
693
720
756
758
1370
1385
1425
1467
1475
1487
1509
1516
1528
1534
1542
1749
2103
694
697
758
796
1417
1434
1447
1469
1476
1477
1513
1520
1531
1537
1538
1643
2103
695
696
704
787
810
831
1406
1409
1415
1424
1426
1438
1479
1501
1918
2103
697
784
785
788
799
832
1387
1405
1420
1446
1452
1455
1547
2087
2103
698
699
700
701
724
763
1214
1215
1216
1217
1219
1481
1541
1991
2103
702
703
704
705
706
722
728
779
1414
1417
1437
1456
1481
1630
2103
707
708
709
710
724
769
814
815
822
1336
1405
1918
1991
2103
710
711
777
778
808
1426
1430
1442
1445
1448
1482
2103
712
1413
1443
1471
1483
1489
1500
1511
1512
1529
1992
2103
713
714
715
716
717
718
719
937
963
1051
1052
2103
720
721
764
765
766
797
1411
1436
1443
1444
2103
722
723
790
795
1408
1419
1460
1464
1472
1502
2103
724
725
726
736
1168
1405
1417
1418
1644
2103
727
737
738
755
848
928
980
1402
2103
728
779
1404
1408
1415
1437
1464
2103
729
730
731
751
820
1415
1431
2103
732
733
734
735
873
1414
1514
2103
736
772
834
1406
1427
1441
1922
2103
737
738
739
1158
1159
1402
1936
2103
748
809
1429
1453
1454
1480
2103
740
741
742
861
1507
1593
2103
743
744
745
921
1405
1918
2103
928
1385
1403
1485
1492
1494
2103
746
808
810
813
1405
1410
2103
795
898
899
902
1420
1496
2103
747
796
1401
1465
1486
2103
748
809
1422
1453
1454
2103
749
750
777
823
1410
2103
751
752
814
1418
1498
2103
753
754
755
928
1402
2103
756
757
818
1401
1497
2103
758
759
1404
1515
2072
2103
760
761
762
763
961
2103
764
765
766
775
1413
2103
767
768
929
1408
1417
2103
769
770
1405
1479
1510
2103
771
1444
1530
2073
2103
772
1401
1461
1824
2103
1368
1401
1420
1499
2103
773
774
1387
1410
2103
775
797
1411
1413
2103
776
1413
1439
2085
2103
777
778
1387
1410
2103
779
792
1406
1547
2103
780
1404
1451
1536
2103
799
962
1410
1449
2103
781
962
1179
1448
2103
782
1365
1366
2070
2103
1401
1447
1474
1513
2103
783
1336
1406
1945
2103
809
1422
1429
1480
2103
809
1422
1429
2103
784
785
1406
2103
786
787
1408
2103
788
799
1918
2103
789
790
834
2103
808
1478
1936
2103
791
1414
1991
2103
1252
1401
1440
2103
800
2072
2085
2103
792
793
794
2103
795
1414
1417
2103
796
1428
1486
2103
797
798
1467
2103
1368
1403
1466
2103
799
800
801
2103
1368
1401
1404
2103
802
1508
1509
2103
803
849
1411
2103
1401
1414
1506
2103
808
820
961
2103
804
805
1451
2103
806
807
1403
2103
1368
1401
1404
2103
1368
1401
1404
2103
808
1459
1936
2103
1401
1405
1438
2103
809
1422
1453
2103
820
1407
1408
2103
810
833
1410
2103
1411
1489
1511
2103
811
1280
2086
2103
812
1425
1494
2103
1428
1465
1493
2103
1403
2072
2103
813
1829
2103
1411
1483
2103
814
815
2103
928
1402
2103
816
1425
2103
1401
1486
2103
1425
1485
2103
1401
1749
2103
817
1427
2103
818
1433
2103
819
1431
2103
1368
1441
2103
1411
1512
2103
820
1405
2103
821
1414
2103
822
1592
2103
873
1749
2103
823
1402
2103
824
1472
2103
1423
1918
2103
888
1470
2103
1403
1470
2103
1438
1945
2103
1411
1483
2103
1411
1500
2103
1404
1451
2103
825
1419
2103
1434
2072
2103
1403
2103
1168
2103
826
2103
1527
2103
1404
2103
1945
2103
1158
2103
1371
2103
827
2103
828
2103
1385
2103
1519
2103
1403
2103
1411
2103
1439
2103
1404
2103
829
2103
1540
2103
1403
2103
2085
2103
1447
2103
1404
2103
1404
2103
830
2103
1533
2103
1407
2103
1403
2103
831
2103
2103
2103
2103
832
833
1387
1406
1446
2111
834
835
836
837
2111
1550
1551
1567
2111
1549
1551
1567
2111
1549
1550
1567
2111
838
869
2111
1920
2102
2111
1920
2102
2111
887
2111
839
2111
2111
2118
2060
2119
840
1397
2120
2120
841
1564
1698
1699
2121
1381
1698
2121
1562
1699
2121
2121
2121
1549
1550
1551
2123
2125
842
1570
1571
1573
2122
2128
842
1569
1576
2122
2128
1569
1572
1574
1575
2128
1571
1576
2128
1569
1575
2128
842
1571
2128
1571
1573
2128
1570
1572
2128
2128
843
2131
2132
2132
2132
2132
844
845
846
847
1373
2139
848
849
1270
1373
2139
2140
850
851
852
853
854
974
2141
855
1323
1624
2066
2141
856
1373
1836
2066
2141
857
1820
1918
2066
2141
858
859
860
915
2141
1397
1642
1942
2141
1503
2103
2141
861
1423
2141
2141
862
863
881
1321
1360
2066
2142
1267
1320
1323
1349
1397
1925
2142
908
1397
1616
2066
2141
2142
1280
1329
1397
2066
2142
864
865
1039
1323
2142
1166
1397
1820
1938
2142
866
867
1324
2142
1397
1836
1939
2142
1162
1164
2142
1397
2142
868
992
1038
1837
1839
1843
1844
1886
1888
2143
1063
1067
1607
1880
2147
1606
2147
1318
1892
2139
2140
2148
869
870
871
1256
2148
1884
2022
2148
1190
1967
1985
2151
2154
872
879
1621
2155
1622
1623
2154
2155
886
2157
873
874
875
876
877
878
1306
1332
1597
1617
2158
1397
1616
1921
2066
2158
1633
1824
2004
2115
2161
2161
2161
879
880
1018
1058
1059
1060
1613
1622
2155
2162
1058
1059
1614
1621
2165
1614
2155
2166
881
1587
1756
2174
882
883
884
885
1030
2175
886
887
888
889
890
891
892
893
2177
2179
894
895
1316
2184
896
897
1399
2184
1168
1408
2184
898
899
900
901
902
903
904
2185
905
1025
1633
2185
1055
1400
1618
1632
2188
2188
1971
2191
1327
1662
2192
1184
2193
1362
1918
2066
2154
2194
1345
1642
2142
2195
906
907
1005
1641
2193
2196
907
1003
1640
2198
908
1591
1639
2192
2194
2195
2196
2197
2199
1369
1401
1404
2103
2200
909
1415
2103
2200
910
911
912
913
914
982
990
996
997
1005
1187
1248
1280
1290
1647
1780
2004
2022
2201
2201
1645
2202
1398
2093
2156
2186
2187
2189
2204
2205
915
1881
2046
2207
916
1907
2071
2207
2207
2030
2208
1654
1725
2214
1653
2215
2216
2216
917
918
2218
2218
919
1903
2219
920
921
922
923
924
925
926
2220
2017
2217
2220
2017
2217
2220
1636
1948
2220
2017
2217
2220
2017
2217
2220
2220
927
1822
2222
928
929
930
931
1740
1852
2022
2223
932
933
964
1669
2022
2182
2223
1668
1682
1752
1959
2017
2022
2223
1758
1812
1849
1865
1977
2223
1674
1847
2006
2022
2220
2223
2017
2022
2050
2149
2223
934
1173
1373
2017
2223
1050
1671
1849
1855
2223
1191
1677
2010
2018
2223
935
1683
1847
1983
2223
936
1675
1985
2223
937
938
2103
2223
1313
2054
2058
2223
1046
2017
2022
2223
939
2017
2103
2223
1046
1669
2223
971
1676
2223
1859
2183
2223
940
2022
2223
2010
2017
2223
941
2223
1046
2223
2017
2223
2022
2223
1083
1085
1093
1931
2111
2224
942
1260
1806
1847
2224
950
1724
2225
2226
2227
1733
2228
943
970
1045
1698
1700
1701
1702
1703
1704
1705
2229
1381
1562
1563
1697
1699
1706
2229
1381
1562
1564
1698
1706
2121
2229
1697
1701
1702
1705
2229
1697
1700
1702
1703
2229
1697
1700
1701
1703
2229
1697
1701
1702
1705
2229
999
1697
1779
1801
2229
1697
1700
1703
2229
1698
1699
2229
944
2229
2229
2229
2229
1881
2033
2034
2035
2230
1304
1330
1397
2066
2230
945
946
2101
2184
2230
1032
1087
2111
2114
2230
1718
2075
2102
2111
2230
947
948
1316
2230
1729
2060
2176
2230
949
1715
2075
2230
950
1761
2162
2230
951
952
2230
1177
2075
2230
1731
1926
2230
1727
1926
2230
1693
2214
2230
1653
2214
2230
1926
1927
2230
1121
1723
2230
953
2111
2230
1717
2230
954
2230
1722
2230
1736
2230
1696
2230
2184
2230
955
2230
1732
2230
2230
1112
1118
1122
1926
1927
2231
1972
1986
1998
2010
2233
1241
1667
2234
956
1373
1759
2235
1756
1759
2015
2235
1758
1759
2235
1758
2235
1255
1258
1261
1746
1747
2006
2236
1255
1258
1745
1747
1975
2236
1258
1745
1746
2236
957
1186
1963
1980
2237
958
959
960
1401
1403
1495
1504
1774
1992
2103
2239
961
962
963
2010
2239
964
986
988
1022
1259
1284
1759
1773
1963
1995
2001
2002
2233
2236
2241
965
969
1045
1669
1846
2243
1993
2096
2243
966
1051
1052
2244
1239
1240
1929
2244
967
1624
1742
2235
2245
2249
968
969
970
971
972
1045
1174
1310
1393
1670
1743
1744
1769
1862
1956
1959
1960
2252
973
974
975
1741
1742
1743
1751
2017
2252
1239
1297
1763
1764
2015
2252
1719
1860
2023
2182
2230
2252
976
1081
1956
1972
2023
2252
1239
1297
1760
1764
2252
1239
1760
1763
2252
1766
1767
1955
2252
1765
1767
1955
2252
1765
1766
1955
2252
977
2185
2252
1758
2253
1181
1998
2254
978
2256
979
980
981
982
983
984
1190
1284
2257
1008
1222
1751
2258
1749
2258
1182
1998
2260
985
986
987
988
989
1276
1277
2233
2262
990
991
992
993
994
995
997
998
1011
1290
1778
1782
1848
1989
2004
2013
2264
996
997
998
1290
1777
1792
1800
2004
2264
999
1013
1704
1784
1801
2264
1203
1204
1645
1782
2264
1000
1001
1002
2264
1004
1777
1780
2264
1789
1795
2264
1779
1792
2264
1004
1787
2264
1003
1973
2264
1004
1785
2264
1037
2264
1783
2264
1821
2264
2264
1005
1209
1212
1250
1778
1784
1795
1825
2004
2265
1006
1007
1055
1867
2103
2265
1008
1054
1055
2017
2265
1783
1792
2264
2265
1054
2023
2084
2265
2014
2084
2265
1212
2096
2265
1009
2264
2265
1010
1011
1012
1290
1778
1801
1804
1875
2004
2266
1013
1014
1251
1252
1704
1779
1800
1875
2004
2266
1015
1309
1803
1938
2266
1397
1802
2141
2266
1800
2229
2266
2267
1016
1017
1692
2012
2271
1018
2265
2271
2265
2271
2265
2271
2252
2271
2271
1019
1046
1670
1859
2272
1020
1021
1073
1078
2273
1022
2273
2005
2273
2273
2273
1023
1039
1073
1074
1078
1838
2274
1078
1886
1887
1888
1890
2037
2164
2190
2275
1321
1326
1589
1600
1940
2066
2141
2277
1790
1876
2278
1278
1666
2280
2280
1024
1025
1026
1440
1618
2284
1027
1204
1248
1792
2284
2023
2284
1028
2284
2137
2287
2288
1029
1314
1488
2079
2113
2115
2185
2290
1030
1031
1314
2290
1031
1905
1934
2290
1032
1033
1034
2290
1314
1377
2290
1035
1036
1037
2291
2291
1321
1397
1588
1602
2277
2292
1038
1078
1605
1838
1886
2292
1039
1818
1837
2274
2292
1605
2143
2292
1040
1841
1883
2032
2293
1041
1074
1840
2293
1042
2293
1043
1605
1844
2293
2294
1044
1605
1843
2294
2295
1045
1050
1080
1752
2150
2243
2296
1046
1671
1676
1692
2223
2296
1280
1777
2013
2014
2296
1243
1670
1674
1853
2296
1054
1861
2013
2296
1864
1979
2296
1047
1667
2296
1849
2296
1048
1238
1255
2006
2297
1674
2181
2297
2253
2297
1049
2297
2297
1684
1812
1976
2149
2300
1761
2023
2253
2303
1850
2013
2296
2303
1758
2223
2303
1868
2265
2306
1050
1053
1851
2150
2163
2307
1051
1052
1053
1670
2307
1884
2307
1054
1055
1793
2271
2308
1863
2308
2265
2309
2309
1056
1057
2311
1057
2311
2171
2311
2311
1251
1800
1801
2004
2266
2313
1821
2278
2311
2313
2102
2316
2317
1058
1059
1060
1099
1317
2063
2111
2165
2326
1061
1062
1063
1064
1065
1066
1067
1068
1069
1070
1606
2329
1649
1711
1887
2082
2332
1071
1072
1141
2332
1073
1074
1075
1840
2333
1610
1866
2149
2333
1076
1077
2153
2333
1078
1605
1819
1837
2332
2334
1079
1819
1881
2164
2334
1605
1819
2275
2334
2311
2332
2334
1819
2275
2334
2334
1608
2139
2140
2148
2335
1894
2335
1893
2335
1080
1081
1082
1228
2336
2018
2141
2336
1274
2336
1083
1084
1085
1093
2337
1086
1388
1901
2124
2338
1902
2124
2162
2338
1388
1899
2338
1900
2124
2338
1087
1088
1658
1906
2340
1089
1114
1150
1907
2340
1831
1934
2340
1089
1903
2340
1090
1115
1650
1904
1931
2091
2342
1091
1092
1131
1931
2342
1093
1910
2337
2343
1094
1909
2337
2343
1095
1096
1359
1946
1950
2344
1342
1361
2344
1097
1098
1099
2345
1928
2349
1124
1928
2103
2347
2349
2351
2352
2353
1100
1101
1102
1103
1104
1105
1106
1266
1269
1325
1336
1347
1354
1402
1405
1409
1424
1457
1507
1589
1638
1937
1946
2008
2018
2066
2067
2103
2157
2354
2071
2354
1553
1554
2102
2111
2356
1107
1108
1109
1397
1617
2141
2158
2357
1110
1392
1420
2103
2357
1929
2359
2117
2353
2360
1111
1351
1596
2361
1112
1113
1114
1116
1117
1118
1119
1121
1123
1148
1722
1723
1726
1738
1927
2231
2362
1115
1116
1117
1118
1119
1120
1121
1122
1123
1294
1726
1738
1926
2342
2362
1124
1914
1915
2103
2359
2364
1239
1755
1923
2364
1125
1126
1127
1128
1129
1288
2366
1130
1131
1132
1133
1134
1135
1136
1137
1138
1139
1140
1141
1142
1143
1144
1145
1146
1147
1148
1149
1150
1151
1152
1153
1691
1907
1908
2090
2342
2369
1154
1155
2366
2370
1156
1936
2374
1831
1905
2375
1157
2383
1158
1159
1160
1343
1397
1421
1459
1478
1933
1969
1970
2396
1165
1343
1918
1941
1942
1947
1969
1970
2066
2141
2396
1161
1341
1397
1600
1802
1946
2041
2141
2396
1162
1163
1327
1329
1397
1602
2066
2396
1164
1321
1326
1397
1820
2066
2141
2396
1165
1358
1397
1937
2066
2396
1397
1591
1937
2066
2141
2396
1166
2066
2141
2142
2230
2396
1167
1320
2041
2066
2396
1452
1510
1521
2103
2396
1397
1911
1918
1938
2396
1302
1937
1953
2066
2396
1662
2050
2053
2396
1168
1169
1170
2396
1321
1911
2084
2396
1952
2075
2396
1951
2066
2396
1947
2066
2396
1357
2396
1171
1172
1765
1766
1767
1985
2252
2397
1174
1758
1762
1957
1958
1960
2397
1174
1956
1958
1959
1960
1961
2397
1173
1174
1956
1957
2397
1669
1758
1957
1960
2397
1758
1956
1957
1959
2397
1957
2252
2397
1175
1176
2398
1227
1232
1748
1751
2399
1225
1965
2399
1226
1964
2399
1972
2399
1177
1178
1189
1195
1611
1985
2400
1179
1180
2103
2400
1936
1937
2066
2400
1936
1937
2066
2400
1635
2400
1181
1182
1186
1233
1739
1762
1966
1975
2254
2401
1786
1974
2193
2264
2265
2269
2401
1183
1184
1185
1973
1998
2401
1746
1972
1977
1998
2401
1280
1859
2087
2215
2252
2402
1186
1272
1670
1975
2402
1187
1280
2402
1851
2402
1200
1328
1748
1981
1982
1984
1985
2257
2403
1980
1982
1984
2403
1188
1980
1981
2403
1238
1676
2183
2403
1980
1981
2403
1189
1190
1191
1192
1193
1194
1195
1196
1197
1198
1328
1355
1611
1677
1955
1967
1980
2003
2404
1199
1200
1284
1739
2234
2404
1201
1202
1203
1204
1205
1206
1247
1988
1989
1990
2004
2405
1202
1203
1204
1205
1206
1207
1247
1987
2004
2405
1208
1209
1210
1211
1777
1987
1990
2405
1212
1213
1290
1987
1989
2405
1214
1215
1216
1217
1218
1219
1220
1221
1407
1409
1460
2406
1411
1749
2103
2406
1222
1223
1224
1753
2407
1225
1226
1998
2399
2408
1227
1751
2399
2408
1998
2409
2409
1228
1229
1230
1231
1232
1233
1234
1235
1236
1237
1242
1274
1739
1770
1775
1974
1975
1994
1996
1999
2233
2237
2238
2241
2298
2301
2399
2401
2403
2409
2410
1238
1998
2000
2236
2410
1238
1999
2410
1239
1240
1751
2411
1239
1240
1751
2411
1241
1242
1243
1244
1245
1270
1328
1985
2018
2193
2412
1246
1247
1248
1249
1250
1251
1252
1253
1618
1645
1777
1778
1792
1800
1801
1875
1987
1988
2005
2254
2413
1254
1815
2004
2404
2413
1255
1256
1257
1258
1259
1260
1261
1262
1263
1264
1265
1671
1745
1854
2223
2414
2223
2414
1266
1267
1268
1269
1308
1309
1340
1378
1918
2031
2142
2281
2416
1270
1271
1308
1340
2141
2416
1272
1273
1675
1686
1739
1750
2310
2417
1274
1275
1276
1277
2417
1806
2224
2418
1278
1279
1280
1777
1848
1850
1861
2014
2267
2419
1280
1281
1797
1848
2013
2419
1282
1283
1742
1760
2016
2235
2245
2420
2015
2148
2420
1660
1661
1663
1664
1669
1672
1673
1680
1681
1686
1689
1759
1794
2022
2223
2421
1284
1285
1286
1287
1311
1380
1675
1896
1918
2003
2054
2066
2076
2248
2259
2398
2423
2424
2426
1288
1289
2427
1290
1291
1292
1610
1645
1667
1668
1669
1671
1672
1680
1685
1690
2017
2098
2149
2223
2411
2422
2425
2428
1293
1761
1762
1796
1826
1860
2182
2252
2255
2284
2397
2429
1294
1295
1296
2429
1297
2252
2253
2429
1298
2429
1299
2028
2429
2431
1299
2027
2429
2433
1300
1301
2435
1652
2208
2435
1302
2008
2435
1378
1840
2036
2081
2332
2436
1711
2229
2436
1711
2229
2436
1711
2229
2436
2032
2081
2436
1819
2332
2436
1317
2063
2436
1303
2436
2311
2436
1304
1938
1944
2042
2437
2041
2066
2141
2437
1305
2336
2437
1306
2045
2048
2439
1307
2044
2439
1649
2439
2070
2439
2044
2439
2439
1331
1672
1948
2167
2217
2440
1308
1309
1397
2066
2440
1310
1311
1326
2440
1948
2440
1679
2018
2095
2335
2441
2056
2442
2055
2442
1312
1382
2443
1313
1679
2443
1314
2061
2077
2078
2290
2444
1559
1717
2128
2230
2444
1315
2059
2444
2444
1316
1317
1879
2038
2169
2445
1318
1319
2445
2445
1320
1321
1322
1323
1324
1325
1326
1327
1328
1329
1330
1331
1332
1333
1334
1335
1336
1337
1338
1339
1340
1341
1342
1343
1344
1345
1346
1347
1348
1349
1350
1351
1352
1353
1354
1355
1356
1357
1358
1359
1360
1361
1362
1402
1587
1588
1589
1595
1597
1598
1617
1638
1712
1820
1918
1937
1939
1940
1941
1942
1943
1944
1947
1952
1953
1969
1970
2018
2042
2051
2141
2157
2189
2344
2354
2396
2437
2447
1363
1918
2447
1364
2447
2447
1365
1366
1450
2047
2448
1367
1650
1919
2448
1368
1369
1370
1434
1462
1487
1515
2103
2449
1371
1439
2085
2103
2449
2450
1372
1715
1718
1721
1951
2396
2451
1373
1374
2018
2139
2451
1375
2059
2078
2080
2452
1375
1376
2059
2077
2452
1377
1829
2452
2077
2452
1378
2032
2036
2332
2436
2453
1379
1881
2332
2445
2453
2090
2453
1380
1381
1382
1383
1384
1796
1797
1950
2240
2398
2407
2454
1385
1444
1462
1535
2073
2449
2456
1386
1484
2456
1387
1388
1389
1390
1406
1976
2094
2379
2415
2457
2089
2457
2088
2457
1931
2083
2111
2442
2458
1907
2458
1391
1392
1400
2103
2460
1648
2156
2186
2187
2221
2461
2087
2463
2054
2398
2438
2441
2454
2455
2459
2464
1393
1753
1798
2465
1394
2465
2022
2465
1395
1396
2466
1397
2466
1398
1399
1713
2159
2168
2178
2186
2187
2346
2467
1400
1553
1554
1715
1877
1920
2111
2356
2358
2467
1401
1402
1403
1404
1405
1406
1407
1408
1409
1410
1411
1412
1413
1414
1415
1416
1417
1418
1419
1420
1421
1422
1423
1424
1425
1426
1427
1428
1429
1430
1431
1432
1433
1434
1435
1436
1437
1438
1439
1440
1441
1442
1443
1444
1445
1446
1447
1448
1449
1450
1451
1452
1453
1454
1455
1456
1457
1458
1459
1460
1461
1462
1463
1464
1465
1466
1467
1468
1469
1470
1471
1472
1473
1474
1475
1476
1477
1478
1479
1480
1481
1482
1483
1484
1485
1486
1487
1488
1489
1490
1491
1492
1493
1494
1495
1496
1497
1498
1499
1500
1501
1502
1503
1504
1505
1506
1507
1508
1509
1510
1511
1512
1513
1514
1515
1516
1517
1518
1519
1520
1521
1522
1523
1524
1525
1526
1527
1528
1529
1530
1531
1532
1533
1534
1535
1536
1537
1538
1539
1540
1541
1542
1543
1544
1545
1546
1592
1643
1644
1678
1681
1749
1793
1915
1918
1922
1928
1945
1968
1992
2072
2073
2092
2239
2406
2449
2460
2468
2105
2469
2104
2469
2112
2336
2470
2472
2473
2474
2475
1547
1548
1549
1550
1551
1552
1553
1554
1555
1556
1557
1691
1714
1715
1728
1879
1920
2090
2102
2337
2341
2343
2345
2355
2358
2363
2373
2376
2437
2442
2462
2473
2476
2106
2219
2477
1829
2477
1714
2436
2478
1618
1829
2479
2479
1924
2353
2483
1558
2484
1559
2488
1560
1561
2490
1562
1563
1564
1565
1566
1699
2491
1569
1570
2128
2492
1567
2493
1899
1900
1902
2338
2498
1568
2127
2497
2499
2499
2503
2125
2505
1569
1570
1571
1572
1573
1574
1575
1576
1577
2060
2122
2506
2502
2507
2509
2510
1578
2511
1579
1580
1581
1582
2514
2516
2516
2516
2516
1828
2138
2287
2518
2519
2137
2329
2519
1583
1584
1608
1892
2076
2140
2520
1585
1608
1892
2139
2520
1586
1587
1588
1589
1590
1591
1592
1593
1594
1597
1803
1820
1896
1921
1937
1938
1940
1942
1943
2009
2042
2066
2142
2277
2339
2348
2350
2396
2412
2437
2440
2522
1595
1596
1597
1598
1599
1600
1601
1602
1603
1604
1639
1943
2008
2141
2144
2281
2522
1605
1839
2292
2522
2142
2522
2287
2523
2524
2526
1606
1607
2287
2527
1608
1609
1610
1892
2016
2520
2531
1672
1859
1884
2022
2152
2223
2531
1846
1864
2151
2152
2531
1611
2150
2531
2149
2150
2531
2533
1885
2532
2535
1612
1614
1638
2160
2192
2194
2534
2536
1613
1614
1621
1623
2166
2536
1648
2093
2205
2346
2536
1615
1918
2066
2357
2536
1616
1617
1921
2396
2536
2101
2184
2214
2311
2536
2154
2255
2311
2536
1618
1619
1620
2536
1621
1719
1900
2536
1864
2296
2303
2536
1819
1887
2332
2536
1622
1879
2311
2536
1623
2155
2536
2050
2253
2536
2101
2516
2536
2063
2536
2230
2536
1873
2536
2516
2536
2223
2536
1624
2536
1625
2536
1717
2536
1626
2536
2101
2536
1627
2536
2314
2536
1855
2271
2536
2537
1668
1761
2023
2537
1684
1983
2537
1628
1629
1630
1713
1734
2159
2230
2450
2540
1631
1632
1768
1829
2540
1648
2093
2101
2204
2540
1648
2093
2101
2204
2540
1633
1634
2230
2540
1648
2066
2540
1819
2540
1635
2540
1636
1642
2154
2194
2195
2196
2197
2440
2541
1637
1640
1973
2003
2401
2541
1638
1642
2154
2192
2541
1639
1642
2192
2541
1640
1642
2192
2541
1642
2192
2541
1641
2541
1642
2541
1643
1644
2230
2542
1645
1646
2542
1647
2542
2542
1648
2186
2187
2205
2221
2543
1648
2156
2204
2221
2543
2225
2226
2543
1649
1650
1651
2435
2544
1652
2030
2435
2544
2349
2544
2215
2216
2546
2212
2232
2311
2545
2547
2211
2547
2215
2546
2549
1653
1724
1725
2159
2230
2352
2550
1654
1976
2210
2213
2216
2551
1654
1655
2210
2215
2551
1660
1661
1663
1664
2050
2250
2552
1656
1657
2335
2418
2552
1658
2112
2552
1659
1660
1661
1662
1663
1664
1665
1671
2461
2553
2093
2204
2205
2553
1666
2554
1667
1668
1669
1670
1671
1672
1673
1674
1675
1676
1677
1678
1679
1680
1681
1682
1683
1684
1685
1686
1687
1688
1689
1690
1847
1862
2006
2007
2017
2022
2149
2173
2239
2422
2443
2556
1691
1692
2012
2556
1693
2206
2297
2557
1694
2206
2557
1695
2558
1696
2559
1697
1698
1699
1700
1701
1702
1703
1704
1705
1706
1707
1708
1709
1710
1804
2033
2034
2035
2563
1711
1712
1713
1714
1715
1716
1717
1718
1719
1720
1721
1722
1723
1724
1725
1726
1727
1728
1729
1730
1731
1732
1733
1734
1735
1736
1737
1761
1943
2060
2170
2184
2188
2200
2214
2335
2363
2365
2367
2444
2450
2550
2551
2564
1738
1926
2565
2211
2311
2545
2566
1739
1751
1776
1998
2234
2237
2238
2567
1740
1986
2233
2236
2237
2238
2241
2567
1741
1742
1743
1744
1756
2015
2567
1745
1746
1747
1751
1999
2234
2567
1748
1998
2233
2234
2238
2567
1998
2233
2234
2237
2567
1749
1750
2103
2223
2567
2084
2255
2407
2567
1751
1998
2234
2567
2246
2247
2251
2567
1752
1753
1846
2567
1754
1755
2567
1756
2015
2567
2242
2247
2567
2242
2246
2567
2018
2567
1757
2567
2217
2567
2242
2567
1758
1759
1760
1761
1762
1763
1764
1765
1766
1767
1768
1810
1955
1961
1976
2023
2025
2400
2415
2567
2568
1769
1856
1860
2025
2167
2397
2568
1770
1972
2004
2260
2261
2568
2023
2160
2240
2303
2568
1771
2271
2303
2568
1772
1980
2568
1773
1774
2568
2018
2567
2568
1775
2254
2568
2254
2568
1776
2568
2529
2568
1777
1778
1779
1780
1781
1782
1783
1784
1785
1786
1787
1788
1789
1790
1791
1795
1799
1973
2268
2269
2270
2278
2569
1792
1793
1794
1795
1796
1797
1798
1799
1807
1808
1809
1863
1869
1973
2268
2307
2309
2569
1800
1801
1802
1803
1804
1875
2269
2569
1805
2013
2402
2569
2264
2265
2568
2569
1973
2264
2266
2569
2264
2569
1806
1807
1808
1809
1810
1811
1867
2181
2256
2306
2308
2310
2570
1812
2570
1813
1814
1815
1816
1817
2333
2571
1818
1838
2276
2283
2568
2571
1819
1888
1890
2334
2571
2274
2277
2282
2311
2571
1820
1836
2141
2276
2571
1821
1876
2264
2333
2571
2326
2333
2571
1822
1823
2571
2008
2142
2571
2276
2571
2274
2571
1824
1825
1826
1827
2023
2572
2288
2573
2573
1828
2137
2145
2147
2288
2329
2331
2519
2527
2574
1828
2285
2287
2289
2574
2288
2574
1829
1830
1831
1832
1833
2059
2575
1834
1835
2430
2575
2576
1836
1837
1838
1839
2143
2293
2577
1840
1841
1842
1843
2292
2577
1843
1844
2577
1845
2577
1846
1847
1848
1849
1850
1851
1852
1853
1861
2163
2298
2578
1854
1855
1856
1857
1858
2225
2335
2578
1998
2296
2570
2578
2536
2537
2578
1859
2578
1998
2578
2578
1860
1861
1862
2163
2255
2256
2306
2579
2579
2579
1863
2271
2303
2579
2580
1864
1865
1866
2265
2580
1867
1868
2271
2580
1869
1870
2265
2580
2010
2271
2580
1871
1872
1873
1874
1876
1889
2040
2159
2160
2165
2211
2232
2276
2436
2547
2581
2516
2536
2581
1875
1876
2581
2180
2536
2581
2516
2581
1877
2581
1878
2322
2582
2319
2324
2582
2318
2324
2582
2582
2322
2323
2325
2583
2317
2321
2583
2321
2583
2318
2319
2582
2586
2321
2582
2586
1879
2279
2591
2328
2591
2327
2591
1880
2138
2287
2518
2592
2528
2573
2574
2593
2287
2595
1881
1882
1886
1889
2032
2037
2081
2082
2164
2596
1883
1884
1885
2273
2278
2279
2436
2594
2596
1886
1887
1888
1889
1890
1891
2275
2596
1892
1893
1894
2054
2218
2230
2297
2368
2520
2599
1895
1896
1897
2043
2106
2356
2446
2470
2599
1898
1909
1910
2111
2343
2442
2599
1899
1900
1901
1902
2124
2599
2141
2348
2350
2396
2599
1903
1904
1905
1906
2599
2111
2355
2377
2446
2599
1907
1908
1927
1931
2599
1909
1910
2111
2337
2599
1911
1912
2066
2396
2599
1913
2111
2462
2599
2101
2156
2536
2599
1915
2351
2429
2599
2141
2339
2396
2599
1914
1915
2209
2599
2141
2339
2396
2599
1915
2347
2429
2599
1916
2214
2536
2599
1917
1924
2117
2599
1918
1919
2066
2599
2111
2341
2446
2599
1920
2102
2336
2599
1921
1922
2157
2599
2102
2111
2599
1923
1928
2599
1924
2382
2599
1925
2396
2599
1926
1927
2599
2111
2230
2599
1928
1929
2599
2230
2451
2599
1930
1932
2599
2230
2599
2335
2599
1931
2599
1932
2599
2437
2599
2381
2599
2111
2599
1933
2599
1934
2599
2111
2599
2341
2599
2396
2599
2087
2599
2458
2599
2372
2599
2360
2599
1935
2599
2599
2599
2599
2599
2599
2599
2599
2599
2599
2599
2599
2599
1936
1937
1938
1939
1940
1941
1942
1943
1944
1945
1946
1947
1948
1949
1950
1951
1952
1953
1954
2066
2075
2141
2158
2339
2344
2348
2350
2361
2378
2437
2471
2600
1955
1956
1957
1958
1959
1960
1961
2023
2253
2600
1962
2018
2084
2095
2407
2455
2459
2464
2567
2600
1963
1964
1965
1966
1994
1995
1998
2408
2600
1967
1968
1969
1970
1971
2252
2437
2600
1972
1973
1974
1975
1998
2193
2600
1976
1977
1978
1979
2267
2567
2600
1980
1981
1982
1983
1984
1998
2600
1985
1986
2005
2412
2567
2600
1987
1988
1989
1990
2600
1991
1992
2103
2421
2600
1993
2084
2240
2398
2600
1994
1995
2399
2600
1996
1997
1998
2600
1998
1999
2000
2600
2001
2002
2022
2600
2003
2141
2404
2600
2004
2005
2600
2006
2007
2600
2087
2252
2600
2008
2009
2600
2010
2011
2600
2012
2218
2600
2013
2014
2600
2015
2016
2600
2017
2406
2600
2022
2223
2600
2018
2600
2019
2600
2022
2600
2020
2600
2021
2600
2022
2600
2023
2024
2025
2026
2027
2028
2347
2351
2431
2433
2434
2460
2536
2601
2291
2432
2601
2027
2429
2601
2430
2576
2601
2028
2429
2601
2429
2601
2029
2030
2031
2207
2208
2544
2603
2032
2033
2034
2035
2036
2037
2038
2039
2040
2081
2114
2311
2333
2453
2478
2604
2041
2042
2043
2066
2111
2141
2371
2396
2400
2440
2475
2604
2095
2441
2443
2454
2455
2459
2464
2604
2044
2045
2046
2047
2048
2049
2448
2604
2050
2051
2052
2053
2141
2192
2437
2604
2054
2095
2438
2443
2454
2466
2604
2055
2056
2090
2111
2337
2599
2604
2057
2058
2223
2438
2441
2604
2059
2060
2061
2062
2230
2604
2063
2064
2065
2082
2604
2336
2341
2355
2599
2604
2066
2067
2068
2069
2604
2070
2071
2439
2540
2604
2072
2073
2085
2103
2604
2074
2184
2230
2536
2604
2075
2076
2365
2599
2604
2077
2078
2079
2080
2604
2081
2082
2083
2436
2604
2084
2095
2438
2441
2604
2095
2398
2438
2604
2085
2086
2468
2604
2087
2088
2089
2604
2090
2091
2380
2604
2095
2398
2438
2604
2092
2103
2429
2604
2093
2220
2549
2604
2111
2345
2599
2604
2094
2467
2575
2604
2095
2398
2438
2604
2096
2097
2098
2604
2099
2100
2441
2604
2101
2102
2463
2604
2103
2456
2604
2104
2105
2604
2106
2336
2604
2396
2599
2604
2107
2489
2604
2108
2111
2604
2109
2599
2604
2110
2437
2604
2111
2599
2604
2112
2113
2604
2114
2436
2604
2115
2116
2604
2599
2604
2579
2604
2579
2604
2117
2604
2118
2604
2599
2604
2599
2604
2599
2604
2119
2604
2472
2604
2120
2604
2121
2604
2122
2604
2123
2604
2604
2604
2604
2125
2498
2499
2500
2501
2502
2506
2605
2124
2497
2499
2500
2501
2504
2536
2605
2125
2126
2497
2498
2501
2505
2605
2497
2498
2501
2504
2605
2497
2498
2499
2500
2605
2129
2497
2503
2605
2126
2502
2507
2605
2498
2500
2508
2605
2127
2499
2516
2605
2128
2497
2605
2129
2503
2605
2504
2605
2130
2608
2130
2608
2131
2610
2610
2612
2132
2613
2614
2133
2134
2135
2136
2168
2172
2312
2315
2505
2536
2581
2616
2583
2612
2619
2137
2329
2521
2530
2595
2621
2137
2138
2287
2573
2574
2621
2139
2140
2148
2335
2621
2518
2523
2573
2592
2621
2141
2142
2143
2144
2621
2145
2521
2524
2526
2621
2146
2523
2526
2621
2538
2539
2593
2621
2146
2523
2524
2621
2147
2287
2592
2621
2330
2621
2263
2621
2518
2621
2148
2149
2150
2151
2152
2533
2622
2153
2535
2622
2152
2531
2622
2154
2571
2622
2153
2532
2622
2154
2155
2156
2157
2158
2159
2160
2161
2162
2163
2164
2165
2166
2167
2168
2169
2170
2171
2172
2173
2174
2175
2176
2177
2178
2179
2180
2181
2299
2312
2314
2346
2352
2429
2450
2498
2516
2554
2581
2623
2181
2182
2183
2299
2578
2623
2525
2594
2597
2624
2525
2627
2184
2185
2186
2187
2188
2189
2190
2191
2448
2607
2628
2192
2193
2194
2195
2196
2197
2198
2199
2542
2628
2200
2201
2202
2203
2541
2546
2548
2555
2628
2204
2205
2206
2558
2604
2628
2207
2208
2209
2435
2545
2628
2211
2232
2544
2546
2547
2628
2210
2213
2542
2545
2549
2628
2211
2212
2311
2545
2628
2542
2555
2561
2628
2213
2461
2546
2628
2214
2230
2559
2628
2215
2216
2230
2628
2217
2218
2219
2628
2220
2221
2628
2222
2536
2628
2542
2548
2628
2223
2224
2628
2225
2226
2628
2227
2543
2628
2228
2550
2628
2562
2604
2628
2548
2628
2560
2628
2229
2628
2230
2628
2231
2628
2232
2628
2233
2234
2235
2236
2237
2238
2239
2240
2241
2242
2243
2244
2245
2246
2247
2248
2249
2250
2251
2252
2259
2398
2402
2404
2568
2629
2252
2253
2254
2255
2256
2257
2258
2259
2260
2261
2262
2263
2268
2274
2567
2569
2629
2264
2265
2266
2267
2268
2269
2270
2568
2629
2271
2272
2298
2629
2273
2274
2275
2276
2277
2278
2279
2280
2281
2282
2283
2534
2630
2284
2632
2285
2286
2330
2519
2521
2592
2621
2636
2287
2288
2289
2330
2519
2621
2636
2290
2291
2463
2576
2637
2291
2432
2575
2637
2292
2293
2294
2295
2638
2296
2297
2298
2299
2300
2301
2302
2537
2579
2639
2303
2304
2305
2306
2481
2482
2578
2639
2306
2307
2308
2309
2310
2639
2311
2312
2313
2314
2315
2316
2516
2536
2641
2317
2318
2319
2320
2324
2325
2584
2586
2588
2609
2611
2616
2617
2644
2321
2322
2323
2517
2644
2582
2644
2589
2644
2324
2325
2582
2645
2609
2644
2645
2582
2644
2645
2585
2645
2644
2645
2326
2327
2328
2646
2647
2329
2521
2527
2573
2595
2621
2648
2330
2525
2621
2636
2648
2333
2538
2604
2648
2331
2518
2592
2648
2332
2333
2334
2648
2538
2636
2648
2648
2335
2336
2337
2338
2339
2340
2341
2342
2343
2344
2345
2346
2347
2348
2349
2350
2351
2352
2353
2354
2355
2356
2357
2358
2359
2360
2361
2362
2363
2364
2365
2366
2367
2368
2369
2370
2371
2372
2373
2374
2375
2376
2377
2378
2379
2380
2381
2382
2383
2384
2385
2386
2387
2388
2389
2390
2391
2392
2393
2394
2395
2442
2446
2451
2462
2471
2474
2476
2480
2485
2486
2487
2602
2649
2396
2397
2398
2399
2400
2401
2402
2403
2404
2405
2406
2407
2408
2409
2410
2411
2412
2413
2414
2415
2416
2417
2418
2419
2420
2421
2422
2423
2424
2425
2426
2427
2428
2649
2429
2430
2431
2432
2433
2434
2602
2649
2599
2601
2649
2435
2650
2436
2437
2438
2439
2440
2441
2442
2443
2444
2445
2446
2447
2448
2449
2450
2451
2452
2453
2454
2455
2456
2457
2458
2459
2460
2461
2462
2463
2464
2465
2466
2467
2468
2469
2470
2471
2472
2473
2474
2475
2476
2477
2478
2479
2480
2481
2482
2483
2484
2485
2486
2487
2488
2489
2490
2491
2492
2493
2494
2495
2496
2543
2560
2594
2652
2497
2498
2499
2500
2501
2502
2503
2504
2505
2506
2507
2508
2652
2652
2540
2653
2509
2510
2610
2654
2582
2587
2611
2615
2644
2646
2655
2511
2512
2608
2655
2582
2609
2644
2655
2513
2517
2655
2514
2655
2515
2655
2609
2617
2644
2646
2655
2656
2516
2582
2644
2646
2655
2656
2582
2615
2644
2655
2656
2619
2655
2656
2517
2618
2656
2655
2656
2518
2519
2520
2521
2522
2523
2524
2525
2526
2527
2528
2529
2530
2573
2574
2592
2593
2622
2657
2531
2532
2533
2534
2535
2621
2657
2536
2537
2657
2538
2648
2657
2628
2657
2636
2657
2539
2657
2540
2541
2542
2543
2544
2545
2546
2547
2548
2549
2550
2551
2552
2553
2554
2555
2556
2557
2558
2559
2560
2561
2562
2563
2564
2565
2566
2625
2658
2567
2568
2569
2570
2658
2571
2631
2658
2630
2658
2572
2658
2650
2658
2650
2658
2658
2573
2574
2593
2597
2626
2659
2575
2576
2657
2659
2577
2657
2659
2578
2579
2580
2657
2660
2641
2642
2660
2581
2640
2642
2661
2640
2641
2661
2665
2582
2583
2584
2585
2587
2588
2590
2609
2611
2615
2616
2617
2645
2646
2655
2668
2586
2587
2588
2589
2590
2644
2668
2591
2609
2615
2616
2644
2647
2668
2591
2646
2668
2592
2593
2594
2595
2596
2597
2598
2624
2657
2659
2669
2599
2600
2601
2602
2670
2603
2633
2634
2651
2670
2650
2658
2670
2604
2605
2606
2671
2607
2671
2608
2655
2673
2609
2610
2611
2612
2613
2614
2615
2616
2617
2618
2620
2644
2654
2674
2615
2616
2617
2618
2619
2620
2675
2621
2622
2623
2624
2625
2626
2627
2637
2638
2639
2648
2659
2662
2663
2664
2669
2679
2628
2629
2630
2631
2632
2633
2634
2635
2651
2670
2679
2636
2637
2638
2648
2657
2662
2663
2664
2669
2679
2639
2640
2662
2672
2679
2641
2642
2666
2679
2657
2659
2660
2679
2657
2659
2669
2679
2657
2659
2679
2643
2679
2661
2679
2679
2644
2645
2646
2647
2680
2648
2657
2659
2663
2681
2649
2650
2651
2658
2681
2652
2653
2681
2660
2681
2654
2682
2655
2682
2656
2682
2677
2681
2682
2683
2676
2683
2683
2657
2658
2659
2660
2661
2662
2663
2664
2665
2666
2667
2684
2668
2684
2669
2670
2671
2672
2676
2682
2691
2673
2674
2675
2676
2681
2693
2676
2677
2678
2693
2679
2680
2693
2687
2693
2688
2693
2685
2693
2686
2693
2690
2693
2694
2689
2694
2681
2698
2697
2698
2682
2683
2684
2685
2686
2687
2688
2689
2694
2700
2689
2690
2693
2695
2700
2694
2700
2700
2692
2699
2702
2691
2692
2702
2697
2702
2693
2694
2695
2696
2703
2703
2697
2698
2699
2703
2704
2700
2701
2702
2704
2702
2703
2705
2704
2707
2706
