0
1
2
3
0
2
3
0
1
3
0
1
2
4
5
6
4
5
6
4
5
7
8
9
6
8
9
6
7
10
6
7
10
8
9
11
12
13
14
15
16
17
18
19
20
21
22
23
25
26
24
26
27
24
25
27
25
26
28
29
30
31
32
33
35
36
34
36
34
35
37
38
39
37
39
37
38
40
41
42
43
45
46
44
46
44
45
47
48
49
50
51
52
53
54
55
57
59
56
59
60
61
56
57
61
62
58
61
62
58
59
60
63
59
60
63
64
61
62
64
62
63
65
67
68
66
68
66
67
69
71
72
70
72
70
71
73
74
75
77
78
76
77
78
79
76
77
79
77
78
80
81
83
84
82
85
82
85
83
84
86
87
88
90
91
89
92
89
92
90
91
94
95
96
93
95
96
93
94
96
97
93
94
95
97
95
96
98
99
100
101
102
104
105
103
106
103
106
104
105
108
109
107
109
107
108
110
111
112
111
114
113
115
114
116
115
118
119
117
119
117
118
120
119
122
121
124
123
126
125
128
127
130
129
131
130
133
132
134
133
136
135
137
136
139
138
140
141
140
143
144
142
144
142
143
145
144
147
146
149
150
148
151
148
151
149
150
152
151
153
152
155
156
154
156
154
155
157
156
159
158
160
159
161
162
161
163
164
163
166
165
168
167
170
169
172
171
173
174
173
176
175
178
177
180
179
182
181
183
182
184
183
186
185
187
188
187
190
189
192
191
194
193
196
195
197
198
197
200
199
202
201
204
205
203
205
206
203
204
206
204
205
207
206
209
208
211
210
212
211
214
213
216
215
218
217
220
219
221
220
223
222
224
223
226
227
226
227
224
225
228
224
225
228
226
227
229
228
230
229
232
233
230
235
231
235
235
232
233
234
236
235
238
237
240
239
242
241
244
243
245
244
247
246
249
248
251
250
253
252
255
254
256
255
258
257
260
259
261
260
262
261
263
264
263
265
264
266
265
268
267
270
269
272
271
274
273
275
276
275
278
277
280
279
282
281
284
283
286
285
288
287
289
288
291
290
293
292
296
296
296
293
294
295
297
296
301
301
301
298
299
300
302
301
303
302
304
303
305
304
306
305
308
307
309
308
311
310
313
312
315
314
316
315
318
317
320
319
322
321
324
323
326
325
328
327
330
329
331
330
333
332
334
333
336
335
338
337
339
338
341
340
343
342
345
344
347
346
350
351
350
351
352
348
349
352
348
349
352
349
350
351
353
352
356
356
354
355
357
356
359
358
361
360
363
362
364
363
365
364
367
366
369
368
371
370
372
371
375
375
373
374
376
375
378
377
379
378
381
380
383
382
385
384
387
386
388
387
390
389
392
391
394
393
396
395
397
399
399
397
398
400
399
401
400
403
402
405
404
407
406
409
408
411
410
413
412
415
414
417
416
419
418
421
420
422
421
424
423
426
427
425
427
425
426
428
427
430
431
429
431
429
430
432
431
434
433
436
435
437
436
439
438
441
440
443
442
445
446
444
446
444
445
447
446
448
449
448
450
449
452
451
454
453
456
455
458
457
459
458
461
462
460
462
460
461
463
462
465
464
466
465
468
467
470
469
472
471
473
472
475
474
477
476
478
477
480
479
481
480
483
482
484
483
485
484
486
485
488
487
490
489
492
491
494
493
497
497
495
496
498
497
499
498
501
500
503
502
505
504
507
506
508
507
510
509
512
511
513
512
514
515
514
517
516
518
517
520
519
522
521
524
523
526
525
527
528
530
526
530
526
530
530
526
527
528
529
531
530
533
532
535
534
537
536
538
539
540
537
539
540
537
538
540
537
538
539
541
540
543
542
545
544
547
546
548
547
550
549
552
551
554
553
556
555
557
556
559
558
561
560
563
562
565
564
566
565
567
566
569
568
571
570
573
572
574
573
576
575
578
579
577
579
577
578
580
579
582
581
584
583
586
585
587
586
589
588
591
590
593
592
594
593
595
594
597
596
599
598
601
600
603
605
601
606
607
602
608
603
608
609
604
608
609
610
605
606
607
610
606
607
610
607
608
609
611
610
613
612
615
614
617
616
618
617
620
619
621
620
622
623
624
621
626
621
626
621
626
626
622
623
624
625
629
629
629
626
627
628
630
629
632
631
633
632
636
636
634
635
637
636
639
638
640
639
642
641
644
643
646
645
651
652
653
654
647
656
648
656
649
657
650
657
658
651
652
658
659
653
654
658
659
655
656
657
660
656
657
660
658
659
662
662
660
661
663
662
665
664
667
666
668
667
670
669
672
671
676
676
676
676
672
673
674
675
677
676
679
678
681
680
683
682
685
684
687
686
688
687
691
691
692
688
689
692
693
690
691
694
691
694
692
693
695
694
697
696
699
698
701
700
702
701
704
706
703
706
706
703
704
705
707
706
709
708
711
710
713
712
715
714
718
718
716
717
719
718
722
722
720
721
723
722
725
724
727
726
729
728
730
729
732
731
734
733
736
736
734
735
737
736
739
738
740
739
742
741
744
745
743
745
750
743
744
750
747
750
746
750
750
750
744
745
746
747
748
749
751
750
755
756
755
756
757
752
754
759
753
754
759
754
759
759
755
756
757
758
760
759
762
761
764
763
766
765
768
767
769
768
773
773
774
770
771
774
775
772
773
775
776
777
773
774
777
774
777
774
775
776
778
777
780
779
782
781
783
782
786
786
784
785
787
786
789
788
791
790
793
792
795
794
797
796
799
798
800
799
802
801
804
803
805
806
805
808
807
810
809
812
811
814
813
816
815
818
817
819
818
821
820
822
821
824
823
826
825
828
827
830
829
831
830
833
832
835
845
834
845
845
845
845
845
845
846
846
847
845
848
845
848
834
835
836
837
838
839
840
843
844
848
849
841
842
849
842
849
843
844
845
850
845
846
847
850
848
849
851
850
853
852
855
854
857
856
859
858
861
860
862
861
864
865
866
863
866
863
866
867
869
863
864
865
869
865
868
869
867
869
865
866
867
868
870
869
872
871
874
873
876
875
879
880
881
877
882
878
881
884
878
880
884
879
883
884
882
884
880
881
882
883
885
884
886
885
891
892
892
893
893
887
894
895
887
888
894
895
896
889
890
894
895
896
891
892
893
895
896
891
892
893
894
896
892
893
894
895
896
897
896
899
898
901
900
902
901
904
903
907
906
910
905
910
904
910
910
910
905
906
907
908
909
911
910
913
912
914
913
916
915
918
917
920
919
922
921
924
923
926
925
927
926
929
928
931
930
933
932
935
934
936
935
937
936
939
938
942
942
940
941
943
942
945
944
947
946
949
948
950
949
951
950
952
953
954
955
952
955
952
955
952
953
954
956
955
957
958
957
960
959
962
961
964
963
966
965
968
967
970
969
972
971
974
973
976
975
977
978
977
980
979
982
981
984
983
986
985
987
986
989
988
991
990
993
992
995
995
993
994
995
996
995
998
997
999
998
1001
1000
1002
1001
1005
1006
1003
1007
1004
1007
1005
1006
1009
1009
1007
1008
1010
1009
1013
1013
1011
1012
1014
1013
1017
1017
1015
1016
1018
1017
1020
1019
1022
1021
1024
1023
1025
1024
1027
1026
1029
1030
1028
1030
1028
1029
1031
1030
1033
1032
1035
1034
1038
1038
1036
1037
1039
1038
1041
1040
1043
1042
1044
1043
1046
1045
1048
1047
1049
1048
1051
1050
1052
1051
1053
1052
1055
1054
1057
1056
1059
1058
1060
1061
1060
1063
1062
1065
1064
1067
1066
1069
1068
1071
1070
1074
1074
1075
1072
1073
1076
1073
1076
1074
1075
1077
1076
1079
1080
1081
1078
1082
1078
1082
1078
1082
1079
1080
1081
1083
1082
1085
1084
1087
1086
1088
1089
1087
1089
1087
1088
1090
1089
1092
1091
1094
1093
1096
1095
1098
1097
1102
1102
1102
1099
1100
1101
1103
1102
1105
1104
1107
1106
1108
1107
1110
1109
1112
1111
1114
1113
1116
1115
1118
1117
1120
1119
1122
1121
1124
1123
1128
1128
1128
1125
1126
1127
1129
1128
1130
1129
1132
1131
1134
1133
1137
1137
1137
1134
1135
1136
1138
1137
1139
1138
1141
1140
1143
1142
1145
1144
1147
1146
1149
1148
1153
1153
1154
1153
1154
1150
1151
1152
1154
1155
1151
1152
1153
1155
1153
1154
1156
1155
1158
1159
1157
1160
1157
1160
1158
1159
1163
1163
1163
1160
1161
1162
1164
1163
1166
1165
1168
1167
1170
1169
1172
1171
1173
1172
1175
1174
1177
1176
1179
1178
1181
1180
1183
1182
1185
1184
1186
1185
1187
1186
1190
1193
1195
1188
1191
1192
1196
1190
1192
1196
1190
1191
1196
1188
1196
1196
1189
1197
1190
1191
1192
1193
1194
1198
1195
1198
1196
1197
1199
1198
1200
1199
1202
1201
1204
1203
1207
1209
1205
1214
1215
1206
1217
1217
1218
1218
1219
1220
1207
1225
1208
1225
1225
1209
1210
1218
1228
1210
1211
1217
1228
1212
1230
1213
1230
1231
1222
1235
1237
1237
1214
1215
1216
1226
1227
1238
1225
1227
1241
1225
1226
1241
1217
1218
1228
1249
1254
1219
1220
1260
1221
1264
1264
1265
1273
1222
1277
1278
1223
1224
1284
1225
1286
1286
1287
1226
1227
1289
1289
1290
1294
1245
1246
1295
1245
1295
1295
1301
1228
1303
1305
1306
1309
1309
1229
1311
1313
1313
1317
1317
1318
1230
1321
1321
1321
1323
1231
1232
1324
1233
1330
1331
1346
1346
1342
1347
1350
1353
1355
1234
1358
1359
1367
1329
1368
1235
1277
1370
1236
1370
1370
1372
1282
1374
1281
1374
1376
1237
1378
1378
1238
1239
1287
1381
1240
1286
1381
1381
1241
1242
1382
1243
1396
1397
1400
1408
1410
1244
1412
1245
1246
1247
1415
1297
1415
1296
1415
1427
1430
1300
1432
1248
1434
1302
1436
1249
1436
1436
1250
1442
1251
1307
1444
1445
1306
1444
1445
1449
1252
1253
1458
1312
1458
1254
1312
1459
1310
1311
1459
1255
1256
1370
1461
1461
1461
1463
1257
1258
1465
1259
1466
1472
1472
1260
1261
1262
1473
1439
1473
1263
1476
1264
1326
1477
1478
1325
1477
1478
1324
1477
1478
1362
1477
1478
1479
1276
1480
1265
1482
1266
1332
1485
1331
1485
1346
1348
1486
1345
1486
1487
1488
1489
1490
1336
1345
1486
1487
1488
1489
1491
1335
1345
1491
1491
1339
1342
1343
1486
1492
1338
1486
1492
1492
1492
1269
1338
1343
1347
1348
1493
1338
1342
1347
1348
1493
1493
1334
1335
1336
1486
1487
1488
1489
1490
1491
1494
1495
1267
1268
1333
1486
1494
1495
1269
1342
1343
1348
1493
1496
1333
1342
1343
1347
1496
1496
1270
1351
1497
1350
1497
1498
1271
1506
1509
1272
1511
1511
1512
1273
1359
1360
1522
1274
1358
1522
1358
1522
1522
1327
1364
1529
1477
1478
1529
1362
1529
1529
1529
1275
1451
1452
1530
1276
1370
1532
1534
1277
1278
1279
1313
1368
1370
1425
1540
1541
1540
1541
1280
1545
1545
1281
1282
1546
1550
1283
1376
1553
1555
1284
1285
1565
1565
1566
1286
1287
1288
1568
1289
1568
1568
1568
1386
1387
1388
1571
1385
1389
1571
1385
1388
1571
1385
1387
1571
1386
1571
1391
1572
1390
1572
1573
1574
1574
1575
1290
1577
1290
1577
1577
1577
1291
1579
1580
1583
1584
1584
1584
1584
1584
1292
1409
1585
1408
1585
1293
1588
1588
1294
1590
1583
1590
1590
1295
1296
1297
1592
1592
1592
1592
1593
1593
1421
1594
1423
1594
1422
1594
1531
1594
1370
1594
1594
1298
1428
1429
1595
1427
1595
1427
1595
1299
1595
1595
1300
1597
1598
1599
1301
1599
1600
1601
1601
1302
1303
1304
1602
1442
1598
1603
1442
1603
1322
1603
1603
1603
1305
1437
1438
1598
1603
1604
1606
1306
1307
1446
1447
1610
1306
1307
1446
1447
1610
1444
1445
1610
1444
1445
1610
1613
1308
1618
1450
1451
1452
1542
1621
1367
1450
1453
1543
1621
1367
1450
1453
1543
1621
1451
1452
1621
1622
1626
1457
1627
1456
1627
1309
1310
1460
1636
1311
1312
1636
1458
1636
1313
1314
1315
1531
1639
1531
1639
1316
1464
1646
1463
1646
1317
1652
1318
1655
1656
1660
1661
1663
1664
1319
1320
1597
1666
1321
1322
1666
1666
1475
1667
1323
1668
1324
1325
1326
1327
1363
1669
1324
1325
1326
1327
1363
1669
1328
1669
1329
1671
1482
1673
1330
1481
1673
1674
1484
1673
1674
1483
1673
1674
1331
1332
1677
1333
1334
1335
1338
1339
1345
1346
1486
1487
1488
1489
1490
1491
1494
1495
1499
1500
1680
1334
1335
1345
1486
1488
1490
1494
1680
1334
1335
1345
1486
1487
1489
1490
1680
1334
1335
1345
1486
1488
1490
1680
1334
1345
1486
1487
1488
1489
1680
1335
1336
1337
1345
1486
1680
1338
1339
1340
1341
1680
1342
1343
1344
1347
1680
1345
1346
1486
1487
1680
1345
1346
1486
1680
1347
1348
1349
1680
1350
1351
1680
1352
1680
1486
1680
1486
1680
1680
1680
1680
1680
1680
1353
1682
1682
1682
1354
1683
1690
1355
1356
1692
1357
1692
1697
1698
1699
1515
1701
1514
1701
1702
1703
1705
1705
1707
1710
1358
1359
1360
1361
1714
1718
1718
1720
1721
1721
1721
1362
1363
1364
1365
1366
1535
1536
1669
1737
1367
1540
1621
1668
1737
1424
1461
1462
1686
1737
1368
1540
1541
1737
1669
1737
1369
1737
1529
1737
1529
1737
1737
1737
1594
1611
1669
1738
1370
1371
1530
1532
1541
1739
1370
1371
1532
1540
1739
1450
1542
1543
1741
1742
1451
1452
1542
1742
1671
1743
1372
1373
1546
1746
1374
1545
1746
1550
1746
1550
1746
1746
1375
1547
1548
1746
1748
1748
1754
1376
1755
1756
1377
1757
1757
1757
1759
1759
1761
1762
1771
1564
1772
1563
1772
1378
1379
1775
1380
1783
1784
1381
1382
1383
1384
1789
1625
1789
1789
1385
1386
1387
1388
1389
1791
1793
1390
1391
1795
1392
1806
1393
1394
1810
1395
1811
1823
1396
1397
1398
1399
1578
1581
1824
1577
1581
1824
1400
1824
1401
1582
1825
1577
1578
1825
1580
1824
1827
1402
1413
1829
1403
1404
1405
1406
1407
1830
1408
1409
1832
1590
1832
1590
1834
1837
1410
1411
1589
1841
1842
1588
1841
1842
1412
1413
1414
1586
1587
1591
1829
1831
1844
1590
1829
1844
1415
1416
1417
1418
1848
1419
1420
1852
1421
1422
1423
1424
1425
1426
1539
1686
1737
1853
1427
1428
1429
1430
1431
1686
1853
1857
1432
1472
1864
1433
1437
1442
1865
1433
1434
1600
1865
1434
1599
1865
1434
1435
1865
1436
1865
1437
1438
1439
1440
1441
1442
1866
1442
1866
1868
1443
1869
1876
1877
1609
1883
1608
1883
1884
1444
1445
1446
1447
1888
1539
1737
1889
1887
1889
1448
1890
1891
1891
1616
1617
1892
1616
1619
1892
1449
1892
1617
1892
1895
1450
1451
1452
1453
1530
1669
1900
1454
1903
1903
1903
1569
1910
1455
1913
1456
1457
1917
1917
1917
1917
1631
1920
1633
1922
1632
1922
1922
1922
1458
1459
1460
1923
1658
1924
1924
1461
1462
1930
1925
1930
1930
1930
1932
1935
1938
1463
1464
1941
1942
1942
1946
1948
1956
1465
1957
1958
1778
1944
1961
1466
1950
1953
1963
1467
1979
1906
1917
1921
1980
1637
1924
1980
1980
1468
1981
1469
1983
1874
1983
1470
1986
1471
1986
1668
1986
1472
1473
1474
1993
1475
1993
1476
1530
1665
1739
1986
1996
1477
1478
1479
1529
1533
1539
1621
1737
1997
1671
1738
1740
1883
1997
1480
1544
1670
1997
1998
1997
1998
1481
1482
1483
1484
1999
1482
1483
1484
1999
1830
2001
2001
1485
2007
2008
2009
1486
1487
1488
1489
1490
1491
1492
1493
1494
1495
1496
1497
1498
1499
1500
1501
1502
1503
1504
1505
2010
2011
1506
1507
1508
2013
1509
2013
2013
2013
1531
1594
1595
1853
2015
1688
1689
1854
2016
1687
2016
1687
2016
1510
2017
2029
1511
1512
1692
2033
2033
2043
2043
2050
1513
1698
2054
1513
1697
2054
1513
2054
2057
1514
1515
2060
1516
2065
1517
2065
1915
2066
1518
1519
2067
1706
1901
1926
2074
1520
2074
2084
2085
1521
2092
1760
1762
2096
2096
1762
2097
1522
2098
2075
2101
2103
2104
1523
1524
2108
2108
1525
2106
2109
1526
1527
1528
2110
2110
1724
2111
1723
2111
2112
2108
2113
1727
2114
2114
2114
2114
2114
2114
2115
2115
2115
2116
2117
2118
1529
1530
1531
1532
1533
1534
1535
1536
1537
1538
1594
1611
1669
1738
1889
2122
1539
1670
1737
1936
2122
1540
1541
1668
1986
2122
1670
1936
2122
1542
1997
2122
1542
1543
2122
1544
1986
2122
2124
1894
2126
1545
1546
1547
1548
1549
1550
2129
1747
1749
2129
1550
1551
2129
1747
2129
2129
2131
2131
1872
1975
2145
1552
2148
1553
2148
1554
2149
1555
1556
1557
1816
1817
2072
2151
2151
1558
1559
2157
1711
1761
2159
1560
1760
2159
1561
1711
1713
2096
2160
2163
2165
2166
2166
2166
2167
2167
1770
1772
2168
1769
1772
2168
1562
2168
1563
1564
1769
1770
1971
2172
2174
2178
1565
2180
2156
2183
2183
1654
2186
2186
2186
2052
2187
2184
2187
1566
2082
2100
2144
2193
1567
2193
1785
1786
2195
1785
2195
2196
2200
1568
1569
1570
2202
2202
1571
1792
2208
1791
2208
1571
2208
2213
1572
2218
1796
1798
2219
2219
1796
2220
2222
2222
2223
2225
2227
2233
2233
1573
2235
2235
1809
2225
2235
2236
1808
2235
2236
1574
2216
2237
1575
2239
2237
2240
2240
2244
2245
1757
1817
2248
1757
1816
2248
2248
2248
2248
2252
2252
1576
2258
1577
1578
1579
1582
1825
2261
1580
1581
1824
1826
2261
1825
2261
1582
2263
2265
1583
1590
1591
1831
1844
2266
1584
1675
1888
2266
1590
1829
1844
2266
1585
1586
2266
1835
1844
2266
1587
2266
1833
2266
1838
2266
1587
2266
1836
2266
2266
2266
1588
1589
1843
2267
1588
1589
1843
2267
2268
1841
1842
2267
2268
2269
1590
1591
1829
1831
1833
2270
2277
2278
2277
2278
2277
2278
1592
2285
2288
2235
2236
2257
2289
2289
1593
2290
1594
1595
1686
2292
1687
2292
2288
2294
2296
1596
1859
2280
2281
2282
2283
2297
1859
2254
2280
2281
2282
2283
2297
1857
1858
2292
2297
2298
2302
2303
2302
2303
2306
2306
1597
1868
2302
2303
2304
2307
1598
1599
1600
1601
1602
2308
1603
1604
2308
2308
1605
1864
2302
2303
2308
2309
1606
1920
1980
2316
2064
2316
1919
2059
2089
2135
2137
2317
1753
1980
2317
1873
2084
2183
2318
1662
1978
2321
2318
2321
2324
2325
1607
2329
1607
2329
2329
2329
2330
2330
2288
2334
1608
1609
1670
2335
1609
2335
2123
2336
1922
2337
1612
2342
1610
1830
2342
2343
1611
1612
1737
2343
1613
2346
1614
1615
1893
2126
2347
1616
1617
1618
1619
2348
1891
2130
2347
2349
1745
2126
2349
1620
2348
2350
2348
2350
2351
2351
1904
2316
2317
2354
1937
2354
1621
2355
1706
2359
2359
1622
1623
1624
2147
2360
1898
1905
1927
1928
1929
2354
2361
1904
1940
2154
2361
1657
1980
2361
1931
2320
2361
2101
2361
2262
2361
1625
2361
2362
2337
2339
2364
1626
2068
2366
2366
1704
2368
2365
2370
1627
1628
1629
1630
1657
1920
1921
1923
1925
2084
2372
1919
2059
2089
2135
2137
2151
2317
2318
2361
2372
1871
1918
2059
2089
2135
2137
2151
2316
2317
2372
1631
1869
1917
1973
2177
2316
2354
2372
1657
1917
1980
2091
2316
2317
2361
2372
1632
1633
1634
1635
1886
1983
2316
2372
1636
1917
1925
2059
2317
2354
2372
1637
1638
1658
1980
2354
2361
2372
1640
1917
1923
1925
2099
2372
1706
2063
2136
2316
2318
2372
1904
2316
2317
2320
2354
2372
1904
2316
2317
2320
2354
2372
1904
2316
2317
2320
2354
2372
1639
1640
1641
1642
2084
2372
1907
2064
2316
2317
2354
2372
1643
1937
2316
2317
2372
1938
2348
2350
2356
2372
2177
2317
2361
2372
1644
1935
2372
1738
1740
2122
2372
1899
1932
1980
2372
1645
1933
2317
2372
2089
2135
2317
2372
1905
2154
2372
1646
2316
2372
1647
1648
2372
2317
2326
2372
1654
2361
2372
2316
2322
2372
1649
2186
2372
2316
2354
2372
1650
2372
2173
2372
1655
2372
2317
2372
2318
2372
1655
2372
2318
2372
1959
2372
1651
2372
1652
2372
1653
2372
1955
2372
2318
2372
1654
2372
2318
2372
1655
2372
2361
2372
2248
2372
2186
2372
2372
2372
2372
2372
1772
2262
2373
2374
1920
2177
2372
2376
2316
2318
2377
1753
2074
2377
2377
2074
2100
2102
2377
2378
1874
1983
2380
1656
2380
1657
1658
1659
1869
1872
1906
1921
1924
1937
2152
2372
2381
1660
2381
2065
2067
2382
1661
1662
1922
1978
2177
2376
2380
2383
1984
2384
2385
1663
1664
1665
1668
1739
1743
1990
2389
2392
1989
2394
1988
2394
1986
1990
2395
2390
2395
2356
2395
1666
1667
2396
2395
2397
2397
1668
2396
2398
1669
1670
1671
1672
1741
1998
2122
2399
1671
1672
1997
1998
2122
2399
1673
1674
2400
2000
2400
1675
1676
2401
2395
2397
2398
2399
2402
2406
2408
2411
2412
1677
2414
1678
2414
1679
2414
1680
2418
1681
2421
2424
2431
1682
1683
1684
1685
2435
2018
2019
2021
2435
1686
2017
2253
2435
1687
1688
1689
2435
1690
2015
2435
2014
2020
2435
2014
2289
2435
2018
2435
2014
2435
2437
2438
2438
2438
2440
2443
2442
2445
1691
2447
2447
2447
2448
1692
1693
2033
2034
2455
2033
2455
2147
2456
2456
2038
2459
2460
2037
2459
2460
2459
2460
2461
2461
2463
1694
1695
2463
2464
2203
2466
2467
2469
2469
2471
2472
1696
2293
2475
2475
1781
2346
2476
2238
2289
2477
1697
1698
1699
2486
2488
2489
2490
1700
2491
2492
1871
1918
1919
1923
2084
2372
2375
2494
1701
2375
2494
2375
2494
2494
1926
2320
2359
2495
1870
1931
2136
2316
2317
2372
2495
2502
1702
1703
1982
2502
1704
2138
2372
2502
1705
1982
2502
1913
2502
2502
2502
2072
2082
2083
2316
2348
2350
2372
2504
1757
2071
2082
2083
2504
2365
2504
1706
1707
1975
1977
2100
2101
2102
2144
2506
2507
1715
2100
2101
2144
2393
2506
2507
2100
2144
2377
2506
2507
2078
2379
2506
2507
2077
2379
2506
2507
2080
2506
2507
2079
2506
2507
2506
2507
1783
2071
2072
2083
2316
2361
2372
2504
2508
2071
2072
2082
2316
2372
2504
2508
1708
1873
1917
1930
2059
2372
2508
1709
2508
2087
2504
2509
2086
2509
2509
1871
1918
1919
1939
2099
2151
2177
2316
2375
2376
2494
2510
2320
2361
2508
2510
1921
2146
2317
2347
2361
2372
2511
1710
2093
2511
2092
2511
2513
2139
2140
2514
1711
1712
1762
2515
1713
2515
1714
2372
2516
1925
2089
2135
2177
2361
2372
2375
2508
2519
1783
1977
2074
2075
2076
2377
2378
2519
1715
1908
2074
2075
2102
2393
2519
1977
2074
2101
2248
2519
1716
2103
2520
1717
2520
2416
2520
1720
2109
2525
2109
2362
2525
1718
1719
1726
2525
2526
1720
2106
2107
2525
2526
1721
1722
2525
2526
1723
1724
2525
2526
1725
2525
2526
1726
2525
2526
1727
1728
1729
1730
1731
1732
2527
1733
1734
1735
2527
1736
2415
2527
1736
2415
2527
1736
2415
2527
2248
2527
2527
2413
2532
1737
1738
1739
1740
1741
1742
1743
1936
1997
1998
2389
2535
1885
2331
2535
1744
2535
2535
1745
1891
1894
2347
2349
2536
2380
2538
2158
2498
2539
1746
1747
1748
1749
1750
2540
1893
2541
1751
1752
2542
2321
2511
2544
2511
2544
2544
1871
1918
1919
1939
2099
2136
2151
2317
2494
2545
1926
2064
2135
2137
2141
2317
2318
2359
2504
2545
1871
1918
1919
2136
2316
2317
2322
2545
2066
2494
2545
2095
2514
2518
2546
2095
2546
2136
2547
2547
2547
2548
1783
2074
2075
2076
2377
2378
2519
2549
1753
2550
2091
2347
2352
2552
1903
2035
2552
1754
1755
2552
1756
2552
2552
1757
1758
1918
1919
2089
2135
2494
2555
1980
2179
2317
2318
2359
2372
2555
2156
2183
2186
2372
2555
1905
1940
2372
2555
2555
1776
2153
2556
1759
2326
2555
2557
2128
2559
1760
1761
2161
2560
1762
2560
2159
2560
2493
2561
1763
2565
2565
1764
2572
1765
1766
1767
2576
1767
1768
2576
1769
1770
1771
2577
2170
2578
2169
2578
2578
1772
2201
2580
1949
2580
1773
2580
2580
2580
1920
1934
1973
1983
2089
2099
2316
2317
2323
2354
2372
2375
2376
2494
2545
2584
1774
2584
2152
2584
1775
2584
2585
2591
1776
1777
1873
2153
2321
2322
2372
2555
2556
2590
2593
1782
2189
2190
2372
2590
2593
2397
2594
1778
1779
1780
1946
1966
2153
2318
2359
2372
2595
1781
1782
2193
2322
2585
2586
2595
2193
2588
2594
2595
2184
2189
2190
2584
2585
2586
2587
2589
2590
2597
2184
2189
2192
2361
2584
2586
2587
2589
2590
2597
2193
2585
2588
2597
2190
2193
2318
2584
2585
2586
2587
2588
2589
2590
2592
2593
2594
2597
2598
1783
1784
2187
2188
2191
2192
2195
2585
2588
2589
2590
2592
2593
2595
2598
2361
2372
2555
2584
2598
1785
1786
2193
2595
2598
1787
2598
2198
2603
2197
2603
2440
2503
2605
1788
2605
2172
2610
1789
1790
2612
2044
2613
2613
2614
2614
2289
2619
1791
1792
1793
2621
2426
2434
2622
2210
2211
2312
2623
2624
2210
2623
2624
2624
1794
2627
2622
2623
2624
2626
2628
2629
2630
2631
1810
2217
2632
2216
2632
1795
2633
1796
1797
2634
1798
2634
2634
1799
1800
2631
2632
2633
2635
1801
2639
2639
1802
1808
2641
2648
1803
2649
2650
2650
2646
2652
2653
2653
1804
1805
2410
2654
2654
1806
1807
1808
1809
1850
2237
2289
2622
2655
1808
1809
1850
2237
2289
2622
2655
1810
1812
2235
2236
2631
2655
2053
2650
2655
1811
2289
2655
1812
1813
2655
2655
2655
2657
1814
2244
2658
1815
2658
2661
2661
1816
1817
1818
1819
1820
1965
2102
2119
2660
2662
2660
2662
2660
2662
2663
1821
1822
2331
2664
2015
2664
1858
2664
2664
2664
1850
2655
2667
1823
2667
2667
2667
1824
1825
1826
2577
2669
1909
1971
2271
2669
1827
2669
2667
2669
1828
2669
1829
1830
1831
1832
1833
1834
1835
1836
1837
1838
1839
1840
2670
1841
1842
1843
2269
2670
1842
1843
2269
2670
1843
2267
2268
2670
1844
2671
2262
2672
2614
2675
2676
2275
2677
2274
2677
2678
1845
1846
1847
2679
1845
1846
1847
2679
2680
1857
1858
2280
2281
2282
2292
2297
2682
1857
1858
2280
2292
2297
2682
1857
1858
2280
2292
2297
2682
1857
1858
2292
2682
2682
1848
2685
2685
2685
1849
1855
1882
2687
1850
1851
2019
2053
2207
2235
2236
2239
2622
2678
2689
1852
2636
2689
2655
2690
1853
1854
1859
2280
2281
2282
2283
2297
2691
2050
2475
2691
1855
2691
2682
2691
1856
2691
1857
1858
1859
2280
2281
2282
2292
2475
2682
2692
1859
2682
2692
2653
2693
2693
2309
2695
1860
1861
1864
1868
2304
2307
2696
1860
1861
1864
1868
2304
2307
2696
1864
2302
2303
2305
2697
2304
2697
1862
1863
2698
1864
2302
2303
2695
2696
2698
2699
1865
1866
1867
1868
2695
2700
1868
2301
2701
2702
2703
2210
2623
2707
2426
2615
2707
2707
2707
1869
1870
1898
1919
1920
1921
1922
1926
1927
1928
1929
1931
1932
1941
1945
1947
1974
2064
2071
2082
2083
2089
2137
2177
2317
2322
2323
2354
2359
2375
2376
2381
2494
2545
2708
1871
1872
1898
1918
1919
1921
1923
1927
1928
1929
1931
1932
1934
1938
1939
1943
1951
2064
2091
2135
2136
2137
2152
2177
2316
2323
2354
2375
2376
2381
2494
2496
2502
2708
1873
1875
1918
1926
1952
1954
1960
1962
1974
2136
2152
2186
2192
2321
2324
2325
2359
2494
2495
2558
2585
2586
2587
2589
2590
2591
2592
2593
2597
2708
2585
2586
2588
2589
2590
2591
2592
2593
2594
2595
2596
2708
1907
1927
1928
1929
2063
2090
2544
2556
2708
1874
1875
2132
2183
2318
2347
2544
2708
1945
2137
2183
2187
2316
2372
2708
2177
2316
2317
2361
2372
2376
2708
1875
2318
2372
2555
2591
2708
1875
2318
2372
2555
2591
2708
1943
2157
2555
2584
2708
2544
2708
2708
1876
1877
1878
1879
2332
2710
1880
1881
2332
2333
2710
2123
2252
2332
2387
2710
2329
2330
2331
2333
2710
2330
2332
2710
1882
2710
2711
1883
1884
2711
1885
2711
1886
1912
2338
2498
2499
2501
2715
2337
2339
2364
2715
1912
2338
2367
2715
2717
2361
2584
2717
2718
1887
1888
2718
1888
1889
2718
2718
2718
1890
2052
2390
2596
2719
2720
2721
1891
1893
2091
2126
2146
2321
2348
2349
2350
2536
2537
2723
1892
1895
1896
1933
2071
2347
2351
2495
2723
1893
1894
2126
2347
2352
2536
2537
2723
1895
1896
1933
2071
2347
2351
2495
2723
1896
1897
2348
2350
2525
2526
2723
2146
2349
2536
2537
2723
2358
2723
1898
1899
1904
1920
1923
1924
1927
1928
1929
1931
1947
2177
2316
2317
2372
2375
2376
2494
2724
1900
2357
2725
1933
1992
2725
2355
2725
2353
2712
2726
1901
1902
2063
2136
2152
2186
2316
2318
2372
2555
2584
2729
1903
2729
1904
1905
1906
1907
1908
1909
1910
1918
1921
1924
1934
1944
1964
2082
2090
2091
2099
2190
2194
2323
2341
2378
2494
2502
2585
2592
2724
2730
1911
2107
2525
2526
2709
2730
2731
1912
2338
2367
2715
2734
1916
2073
2369
2715
2734
1913
1914
2503
2605
2734
2339
2364
2732
2734
1915
2732
2734
2365
2709
2734
1916
2734
2708
2710
2712
2715
2716
2735
1917
1918
1919
1920
1921
1922
1923
1924
1925
1926
1927
1928
1929
1930
1931
1932
1933
1934
1935
1936
1937
1938
1939
1940
1941
1942
1943
1944
1945
1946
1947
1948
1949
1950
1951
1952
1953
1954
1955
1956
1957
1958
1959
1960
1961
1962
1963
1964
1965
1966
1967
1968
1969
1970
1973
1980
2059
2064
2066
2071
2082
2083
2084
2091
2098
2099
2152
2153
2154
2177
2183
2184
2186
2194
2322
2323
2324
2325
2354
2359
2375
2376
2382
2494
2496
2502
2510
2544
2555
2585
2586
2588
2589
2591
2592
2708
2724
2729
2736
1971
2736
1972
2606
2709
2734
2735
2737
2059
2060
2061
2089
2099
2177
2316
2317
2354
2372
2519
2739
1973
1983
2089
2177
2316
2317
2323
2354
2372
2555
2584
2739
1974
1975
1976
1977
2076
2100
2144
2378
2739
1977
2100
2144
2361
2377
2739
2077
2078
2506
2507
2739
1978
1979
1983
2127
2739
1980
1981
2316
2317
2739
1982
2372
2584
2739
1983
2591
2739
1984
2739
1985
2739
2513
2741
2331
2741
2741
1986
2122
2396
2742
1991
2346
2742
2396
2742
1987
2742
2075
2101
2519
2745
1988
1989
2745
1990
1991
1992
1994
2002
2398
2746
1993
1996
2389
2391
2742
2746
1994
1995
2002
2185
2746
1996
2002
2395
2746
1997
1998
2002
2746
1999
2000
2746
2001
2746
2002
2746
2747
2748
2750
2751
2003
2753
2754
2004
2755
2756
2756
2757
2233
2756
2757
2758
2005
2756
2758
2006
2756
2759
2121
2414
2415
2416
2417
2763
2007
2008
2009
2413
2416
2763
2116
2117
2118
2413
2416
2763
2105
2413
2414
2415
2763
2413
2763
2010
2763
2643
2644
2764
2420
2764
2011
2764
2429
2764
2707
2764
2011
2764
2764
2209
2313
2765
2765
2765
2422
2765
2766
2434
2766
2012
2766
2766
2766
2209
2430
2765
2768
2013
2014
2015
2016
2017
2018
2019
2020
2021
2436
2769
2435
2436
2437
2769
2022
2436
2769
2023
2024
2025
2770
2770
2026
2199
2441
2443
2498
2499
2500
2773
2440
2442
2443
2531
2773
2028
2441
2444
2773
2027
2440
2441
2773
2442
2734
2773
2028
2773
2774
2774
2029
2030
2031
2775
2032
2775
2775
2775
2775
2775
2775
2775
2033
2034
2776
2035
2036
2776
2777
2561
2778
2037
2038
2039
2459
2460
2779
2037
2038
2039
2459
2779
2040
2041
2780
2780
2042
2043
2464
2781
2043
2463
2781
2782
2044
2784
2045
2784
2785
2046
2047
2786
2610
2707
2786
2048
2609
2786
2049
2787
2783
2787
2787
2050
2051
2293
2297
2788
2789
2052
2789
2053
2791
2792
2792
2481
2795
2480
2795
2483
2795
2482
2795
2690
2795
2795
2054
2796
2796
2055
2799
2056
2800
2056
2800
2057
2802
2058
2804
2162
2805
2059
2060
2061
2062
2089
2135
2138
2151
2177
2316
2317
2318
2354
2361
2372
2519
2739
2807
2063
2064
2318
2348
2350
2557
2807
2317
2372
2723
2807
2506
2507
2807
2128
2337
2440
2499
2503
2808
2337
2440
2498
2500
2503
2808
2440
2499
2503
2808
2337
2808
2064
2065
2066
2067
2068
2069
2070
2317
2361
2372
2605
2722
2729
2734
2809
2199
2366
2498
2499
2500
2559
2708
2715
2716
2807
2809
2071
2072
2073
2082
2083
2086
2136
2509
2809
2812
2074
2075
2076
2077
2078
2079
2080
2081
2379
2497
2519
2813
2074
2075
2076
2077
2078
2079
2080
2081
2379
2497
2519
2813
2082
2083
2084
2085
2090
2099
2708
2807
2813
2086
2087
2088
2504
2740
2813
2089
2090
2372
2733
2740
2813
2091
2092
2093
2132
2133
2813
2740
2745
2809
2813
2094
2386
2535
2813
2095
2139
2546
2813
2096
2097
2740
2813
2098
2740
2809
2813
2711
2740
2813
2139
2813
2099
2100
2101
2102
2144
2375
2393
2494
2506
2507
2814
2103
2104
2105
2521
2814
2520
2567
2580
2814
2814
2524
2816
2523
2816
2106
2107
2108
2109
2110
2111
2112
2113
2351
2362
2538
2818
2108
2109
2110
2111
2112
2113
2351
2362
2538
2818
2114
2115
2116
2117
2118
2119
2120
2543
2731
2818
2529
2530
2773
2814
2818
2528
2529
2818
2528
2814
2818
2441
2592
2818
2121
2763
2818
2818
2818
2122
2123
2124
2125
2513
2741
2819
2126
2347
2349
2352
2559
2819
2347
2349
2352
2559
2819
2127
2525
2526
2819
2128
2541
2813
2819
2129
2540
2819
2130
2539
2819
2131
2813
2819
2527
2559
2819
2132
2133
2134
2320
2321
2327
2372
2556
2730
2820
2135
2136
2137
2138
2177
2316
2820
2139
2140
2514
2813
2820
2141
2142
2143
2548
2813
2821
2143
2547
2821
2144
2821
2145
2550
2551
2819
2822
2550
2822
2146
2147
2148
2149
2150
2723
2823
2607
2823
2823
2151
2152
2153
2154
2155
2157
2183
2194
2324
2325
2326
2359
2372
2376
2556
2557
2558
2591
2708
2824
2156
2183
2320
2544
2555
2557
2584
2708
2824
2157
2495
2555
2556
2583
2584
2708
2824
2318
2555
2583
2584
2824
2158
2503
2536
2537
2543
2808
2810
2811
2819
2820
2825
2159
2160
2161
2566
2828
2162
2458
2828
2566
2828
2828
2828
2163
2164
2829
2560
2562
2830
2521
2833
2833
2833
2833
2573
2834
2165
2834
2571
2834
2834
2834
2166
2167
2835
2168
2261
2835
2169
2170
2171
2836
2729
2836
2172
2173
2174
2175
2176
2521
2833
2837
2837
2839
2557
2558
2591
2840
2177
2178
2179
2180
2189
2190
2192
2194
2326
2341
2359
2376
2382
2556
2557
2558
2586
2587
2597
2824
2845
2181
2187
2189
2191
2192
2193
2318
2319
2361
2372
2587
2588
2597
2598
2845
2187
2189
2190
2192
2318
2319
2372
2584
2586
2587
2594
2597
2598
2845
2189
2190
2192
2318
2584
2585
2586
2588
2589
2590
2593
2594
2597
2598
2845
2188
2191
2192
2193
2319
2372
2585
2587
2589
2590
2592
2593
2597
2845
2189
2190
2192
2193
2318
2319
2372
2587
2588
2594
2597
2598
2845
2183
2184
2189
2190
2192
2193
2318
2319
2587
2588
2597
2845
2182
2318
2319
2324
2325
2372
2383
2555
2583
2739
2845
2192
2193
2318
2319
2361
2372
2531
2588
2597
2845
2183
2184
2192
2193
2318
2319
2587
2588
2597
2845
2185
2188
2192
2319
2586
2587
2589
2597
2845
2186
2187
2188
2193
2195
2319
2708
2845
2319
2346
2598
2845
2189
2190
2191
2192
2318
2584
2585
2586
2587
2588
2589
2590
2592
2593
2594
2708
2846
2192
2193
2194
2195
2196
2585
2586
2587
2589
2596
2708
2727
2846
2846
2847
2848
2849
2197
2198
2853
2854
2199
2200
2366
2502
2606
2855
2374
2605
2734
2855
2553
2855
2855
2471
2610
2611
2612
2786
2856
2201
2470
2609
2611
2786
2856
2609
2610
2786
2856
2202
2609
2856
2203
2204
2857
2205
2206
2272
2640
2860
2313
2693
2860
2693
2707
2860
2656
2707
2860
2766
2860
2207
2860
2860
2208
2795
2861
2209
2214
2235
2236
2289
2655
2874
2210
2211
2214
2312
2874
2210
2211
2212
2214
2874
2645
2764
2860
2874
2214
2693
2707
2874
2213
2874
2214
2874
2214
2874
2214
2874
2215
2222
2237
2635
2795
2875
2216
2217
2222
2633
2637
2875
2218
2222
2632
2635
2875
2219
2220
2221
2642
2875
2222
2631
2633
2638
2875
2290
2748
2875
2632
2875
2635
2875
2223
2224
2648
2649
2876
2614
2876
2225
2876
2634
2876
2419
2644
2877
2419
2643
2877
2625
2764
2877
2230
2652
2675
2878
2878
2226
2639
2649
2876
2880
2227
2639
2648
2880
2228
2229
2238
2655
2881
2881
2230
2646
2671
2878
2882
2231
2232
2299
2883
2233
2234
2883
2235
2236
2237
2238
2239
2240
2241
2242
2257
2291
2622
2650
2667
2690
2885
2617
2707
2764
2765
2860
2886
2243
2891
2244
2245
2895
2896
2248
2249
2250
2661
2663
2913
2246
2247
2660
2662
2663
2913
2248
2249
2250
2661
2663
2913
2251
2660
2661
2662
2676
2913
2252
2253
2254
2255
2256
2711
2914
2914
2916
2257
2258
2259
2260
2264
2655
2917
2917
2261
2262
2263
2264
2265
2919
2266
2267
2268
2269
2685
2919
2270
2652
2919
2271
2919
2745
2919
2919
2272
2646
2707
2860
2882
2889
2920
2273
2663
2764
2793
2920
2274
2275
2920
2276
2289
2920
2277
2278
2920
2279
2920
2920
2280
2281
2282
2283
2284
2295
2297
2298
2788
2921
2693
2923
2923
2285
2286
2287
2670
2926
2688
2927
2288
2927
2686
2927
2289
2290
2707
2860
2928
2291
2484
2655
2928
2292
2293
2294
2295
2296
2692
2710
2929
2297
2298
2691
2921
2922
2931
2299
2300
2615
2616
2626
2683
2694
2933
2693
2933
2301
2307
2308
2699
2777
2937
2302
2303
2307
2937
2304
2305
2937
2306
2307
2937
2307
2695
2937
2308
2937
2309
2937
2310
2919
2938
2311
2799
2938
2919
2938
2938
2938
2312
2313
2314
2315
2423
2470
2616
2617
2626
2656
2675
2689
2765
2766
2767
2940
2316
2317
2318
2319
2320
2321
2322
2323
2324
2325
2326
2327
2328
2371
2372
2503
2508
2555
2556
2557
2595
2597
2598
2734
2813
2845
2943
2362
2369
2374
2730
2734
2740
2808
2818
2943
2329
2330
2331
2332
2333
2334
2371
2691
2943
2334
2335
2336
2517
2664
2943
2358
2371
2943
2943
2943
2337
2338
2339
2364
2365
2371
2503
2717
2734
2737
2943
2944
2371
2503
2717
2734
2737
2943
2944
2340
2341
2715
2716
2734
2944
2341
2342
2343
2344
2345
2944
2346
2721
2734
2944
2346
2734
2944
2346
2719
2944
2502
2944
2347
2348
2349
2350
2351
2352
2353
2496
2552
2945
2354
2361
2372
2808
2945
2355
2356
2357
2945
2358
2728
2945
2598
2745
2945
2726
2945
2359
2360
2372
2502
2579
2734
2739
2740
2813
2836
2946
2361
2362
2544
2709
2808
2946
2363
2527
2732
2946
2367
2368
2731
2946
2510
2813
2946
2364
2365
2366
2367
2368
2369
2370
2374
2444
2502
2606
2708
2709
2715
2716
2717
2719
2720
2729
2808
2818
2943
2947
2371
2374
2736
2738
2943
2947
2372
2373
2735
2738
2947
2374
2715
2716
2947
2735
2736
2947
2375
2376
2377
2378
2379
2380
2381
2382
2383
2384
2385
2494
2591
2729
2948
2509
2510
2512
2515
2516
2517
2709
2729
2819
2820
2948
2386
2387
2388
2535
2948
2389
2390
2391
2392
2396
2949
2744
2949
2743
2949
2393
2394
2512
2673
2727
2807
2809
2811
2944
2945
2950
2395
2396
2397
2398
2399
2400
2401
2402
2746
2950
2403
2952
2404
2636
2799
2962
2962
2405
2751
2752
2963
2405
2750
2963
2750
2963
2406
2964
2407
2965
2408
2965
2408
2409
2410
2411
2412
2967
2409
2410
2967
2410
2411
2967
2412
2968
2965
2968
2762
2973
2761
2973
2413
2414
2415
2416
2417
2418
2532
2818
2835
2974
2419
2420
2421
2422
2423
2424
2425
2625
2645
2656
2676
2766
2767
2860
2940
2976
2426
2427
2428
2429
2434
2656
2707
2766
2860
2885
2940
2976
2429
2430
2431
2432
2433
2618
2707
2764
2765
2860
2976
2707
2764
2976
2434
2977
2435
2436
2437
2979
2438
2439
2980
2981
2982
2440
2441
2442
2443
2444
2445
2528
2773
2774
2818
2983
2445
2446
2773
2983
2447
2448
2449
2450
2451
2452
2453
2454
2984
2455
2456
2984
2457
2695
2777
2937
2992
2458
2996
2459
2460
2997
2461
2462
2997
2463
2464
3000
2465
3000
2473
2787
2857
3001
2466
2467
2867
3001
2468
3002
2469
2470
2471
2609
2610
2611
3003
2472
2473
2474
2783
3001
3003
2475
2682
3007
2475
2476
3007
2790
3008
2477
3008
2478
2479
3009
2676
3009
3009
2480
2481
2482
2483
2484
2485
2621
2631
3010
2486
2487
3010
2798
3013
2797
3013
2488
2703
2748
2875
2962
3014
2489
2490
3019
2802
3000
3019
2491
2801
3019
2877
3019
2492
3020
2493
3020
3022
2494
2495
2496
2497
2503
2508
2745
2809
2813
3023
2498
2499
2500
2501
2559
2709
2724
2730
2734
3023
2502
2503
2504
2512
2516
2745
2807
2813
3023
2559
2815
2855
3023
2559
2745
2945
3023
2505
2820
3023
2506
2507
2508
2509
2510
2511
2512
2513
2514
2515
2516
2517
2518
2539
2542
2546
2547
2708
2729
2733
2807
2809
2818
2819
2820
2946
2948
3023
3024
2519
2520
2521
2522
2528
2530
2818
3024
2810
2820
2825
2855
3023
3024
2523
2524
2817
3023
3024
2816
3023
3024
2525
2526
2527
2528
2529
2530
2531
2532
2533
2534
2709
2734
2763
2773
2813
2814
2819
3023
3025
2535
2536
2537
2538
2539
2540
2541
2542
2543
2550
2559
2740
2813
2818
2822
3025
2544
2545
2546
2559
2740
2812
2813
2815
2821
2822
2855
3025
2547
2548
2549
2820
3023
3024
3025
2550
2551
2819
2820
3023
3024
3025
2552
2553
2554
2855
3023
3024
3025
2555
2556
2557
2558
2584
3025
2559
2815
3023
3025
2963
3026
2965
3026
2560
2561
2562
2563
2564
3029
2565
3029
2566
3029
3029
3029
2567
2568
2569
2570
2580
3033
2571
2572
2573
2574
2575
3033
2576
2577
2763
3033
2578
2579
2729
3033
2580
2581
3033
3033
2582
3034
2583
3036
3036
3036
3036
3036
2584
2585
2586
2587
2588
2589
2590
2591
2592
2593
2594
2595
2596
2708
2847
3036
3037
2597
2598
2599
2847
3037
2600
2845
2846
3037
2601
3036
3037
2602
3037
3037
3037
3037
2603
3038
2604
3039
2605
2606
2607
2608
2810
2815
2820
2823
3023
3040
2609
2610
2611
2612
3041
2613
2783
3042
3042
2872
3043
3045
2614
2615
2616
2617
2618
2619
2620
2625
2656
2675
2689
2764
2765
2766
2940
3046
2621
3046
3046
3046
3046
2866
3047
2865
3047
2784
2868
3041
3048
2867
3041
3048
3051
3051
3052
2859
3041
3043
3044
3045
3054
3055
3056
2622
2623
2624
2625
2626
2627
2628
2629
2630
3059
2631
2632
2633
2634
2635
2636
2637
2638
2799
3059
2639
2640
2641
2642
2648
2880
2888
3059
2643
2644
2645
2803
2976
3010
3059
2646
2647
2652
2882
3059
2893
2894
3041
3059
2648
2649
2876
3059
2650
2651
2918
3059
2652
2675
2878
3059
2653
2654
3059
2890
2936
3059
2655
2765
3059
2656
2976
3059
2897
3059
2876
3059
2675
3059
2884
3059
2657
3059
3049
3059
2879
3059
2879
3059
2658
3059
2659
3059
2887
3059
3059
3059
3059
3059
3059
3059
3059
3059
3059
3059
3059
3059
3059
3059
3059
2660
2661
2662
2663
3060
2664
2665
2919
3060
2958
2959
3060
2666
3060
2667
2668
3061
2881
3061
2669
2670
2671
2672
2673
2674
2702
2704
2914
2919
2920
3066
2675
2676
2677
2678
2679
2680
2681
2919
2976
3062
3066
2682
2692
2922
2931
3067
2692
2921
2931
2932
3067
2683
2684
3059
3067
3059
3067
3059
3067
2685
3067
2686
2687
2688
2935
3068
2689
2690
3068
2691
3068
3059
3068
2692
2921
2922
2931
3069
2922
3069
2693
2694
3070
3070
2927
2936
3067
3068
3071
2884
2935
3071
2695
2696
2697
2698
2699
2700
2701
2777
3072
2702
2703
2704
2705
2706
3072
3073
3074
2707
2764
2765
2860
3008
3059
3067
3079
3079
3081
2708
2709
2710
2711
2712
2713
2714
2715
2716
2734
2735
2944
2945
3082
2715
2716
2717
2718
2719
2720
2721
2722
2745
2943
2955
3082
2723
2724
2725
2726
2727
2728
2745
2811
2943
3082
2729
2730
2731
2732
2733
2813
3082
2734
2735
2736
2737
2738
3082
2739
2740
2741
2813
3082
2742
2743
2744
2956
3082
2745
2746
3082
2953
2954
3082
2747
3082
2951
3082
2951
3082
2944
3082
2949
3082
3075
3083
2915
3084
2915
3084
2961
3065
3087
2960
3096
2748
2749
2799
3097
2750
2751
2752
2826
3026
3102
2753
2966
2969
3026
3102
2754
2755
2760
2827
3102
2964
2969
3026
3102
2756
2757
2758
3102
2759
2760
3102
2964
2966
3102
2971
2972
3102
2970
3103
2970
3103
2761
2762
3105
2763
3085
3109
3109
2764
2765
2766
2767
2877
2886
2920
3110
2768
3110
3084
3111
2769
3112
2770
3113
2771
3114
2772
3115
2773
2774
2985
3118
2775
2776
3118
2983
3118
3118
3118
3119
3119
3119
3119
2777
3120
3120
3031
3126
3128
2778
3129
2779
2780
3130
3127
3130
3131
3127
3130
3131
2781
2782
2801
3128
3132
2783
2784
2787
3136
2785
3098
3136
2786
2787
3136
3136
3006
3139
3005
3139
2788
2789
3007
3140
2790
2791
2940
3144
2792
2793
2794
3144
2795
2796
2877
3144
3127
3128
3144
3122
3123
3144
2797
2798
3144
2799
3144
3144
3144
3144
3145
2800
2801
2802
2803
3149
2804
2805
3150
3150
2806
3152
2807
2808
2809
2810
2811
2812
2813
2815
2816
2817
2818
2821
2822
2823
2825
2855
3040
3159
2813
2814
2815
2816
2817
2821
2822
2823
3040
3159
2818
2819
2820
2821
2822
2823
2824
2825
3040
3160
2826
2827
2963
2964
2966
3161
3028
3161
3027
3161
2828
2829
2830
2831
2832
3162
3164
2994
3165
3165
2833
2834
2835
2836
2837
2838
3166
2839
3166
3166
2840
2841
2842
2843
2844
2845
2848
3037
3040
3167
2845
2846
2847
2848
2849
2850
2851
2852
3036
3167
2853
3167
2854
3168
2855
3023
3024
3025
3036
3167
3169
2856
2867
2868
2872
2879
3042
3043
3044
3047
3108
3170
2857
2858
3041
3043
3044
3045
3053
3170
2859
2872
3041
3042
3045
3108
3170
2872
3041
3042
3045
3108
3170
2859
2872
3042
3043
3044
3170
2860
2861
2862
2863
2864
3170
2865
2866
3041
3050
3170
2867
2868
3108
3170
2892
3059
3170
3047
3053
3170
2869
2870
3170
2871
3057
3170
3042
3050
3170
2872
3170
2873
3170
2873
3170
3052
3170
3170
2874
2875
2876
2877
2878
2879
2880
2881
2882
2883
2884
2885
2886
2887
2888
2889
2890
2891
2892
2893
2894
2895
2896
2897
2898
2899
2900
2901
2902
2903
2904
2905
2906
2907
2908
2909
2910
2911
2912
2923
2924
2925
2930
2940
3049
3060
3062
3078
3097
3100
3171
2913
2914
2915
2916
3059
3100
3171
2917
2918
3171
2920
3059
3171
3171
3171
2960
3084
3088
3172
2919
2920
3172
2921
2922
2923
2924
2925
2926
2935
2940
3100
3171
3173
2927
2928
2929
2930
2935
3173
2931
2932
3173
2933
2934
3173
2935
2936
3174
2937
2938
3175
2939
3175
2939
3175
2957
3176
3176
3178
3059
3103
3104
3179
2940
2941
3179
3178
3180
3181
2942
3174
3182
2943
2944
2945
2946
2947
2948
2949
2950
2951
2952
2953
2954
2955
2956
3184
2957
3185
2958
2959
2978
3065
3089
3188
2974
3095
3111
3188
3087
3088
3172
3188
2960
3086
3188
3065
3086
3188
3084
3188
3188
3188
3188
3188
3188
3085
3188
3189
2961
3188
3189
2962
3059
3189
3002
3189
3189
3059
3060
3067
3171
3177
3190
3191
3192
2963
2964
2965
2966
2967
2968
2969
2970
3193
2971
2972
3078
3104
3193
3078
3103
3179
3193
2973
3193
3193
3193
3041
3043
3044
3048
3183
3194
2974
2975
3188
3196
2976
2977
3196
2978
3085
3196
2979
3196
2980
3117
3198
2981
3116
3198
2982
3198
3114
3198
3113
3198
2983
2984
2985
2986
2987
3199
2988
2989
2990
2991
3199
2992
2993
3199
3199
3012
3200
3012
3200
3201
3203
2994
3205
2998
2999
3011
3128
3134
3208
2995
3000
3011
3127
3208
2996
3208
2997
2998
2999
3207
3209
2998
2999
3209
3000
3209
3209
3210
3127
3209
3210
3211
3211
3001
3002
3003
3004
3212
3213
3212
3213
3215
3005
3006
3217
3007
3217
3218
3219
3219
3008
3009
3010
3011
3012
3013
3014
3015
3016
3017
3220
3018
3220
3222
3222
3222
3019
3224
3020
3021
3225
3228
3022
3153
3229
3152
3229
3229
3230
3230
3159
3231
3231
3023
3024
3157
3199
3231
3232
3025
3232
3026
3027
3028
3233
3029
3233
3234
3030
3235
3031
3032
3236
3033
3034
3035
3246
3036
3037
3038
3040
3249
3039
3169
3249
3040
3168
3249
3041
3042
3043
3044
3045
3046
3047
3048
3049
3050
3051
3052
3053
3054
3055
3056
3057
3058
3174
3182
3194
3253
3059
3060
3061
3062
3063
3064
3067
3100
3176
3177
3178
3180
3181
3190
3253
3065
3066
3086
3188
3189
3253
3067
3068
3069
3070
3253
3071
3081
3170
3253
3072
3073
3074
3253
3075
3076
3171
3253
3100
3171
3190
3253
3077
3080
3171
3253
3078
3079
3104
3253
3080
3171
3253
3080
3171
3253
3081
3170
3253
3108
3253
3082
3253
3083
3253
3253
3253
3084
3085
3086
3087
3088
3089
3090
3091
3092
3093
3094
3095
3096
3109
3172
3188
3254
3095
3096
3097
3098
3099
3172
3254
3100
3171
3177
3253
3254
3101
3254
3101
3254
3102
3103
3104
3105
3106
3107
3255
3108
3170
3255
3255
3109
3110
3111
3112
3197
3253
3256
3196
3256
3113
3114
3115
3116
3117
3257
3118
3119
3120
3121
3159
3259
3122
3123
3259
3124
3259
3220
3259
3125
3259
3259
3126
3206
3260
3205
3260
3130
3262
3127
3128
3129
3263
3130
3131
3132
3133
3134
3210
3219
3263
3264
3133
3134
3209
3264
3134
3135
3263
3264
3136
3137
3264
3136
3137
3264
3264
3138
3259
3266
3267
3139
3140
3265
3268
3141
3269
3142
3143
3209
3267
3270
3144
3145
3202
3263
3270
3270
3146
3147
3148
3271
3272
3149
3273
3150
3274
3275
3276
3151
3277
3152
3153
3154
3278
3155
3156
3238
3259
3280
3157
3158
3159
3280
3159
3160
3280
3161
3162
3280
3163
3280
3164
3280
3165
3280
3259
3280
3230
3280
3280
3280
3280
3280
3280
3280
3280
3166
3281
3281
3281
3167
3168
3169
3281
3282
3281
3282
3281
3282
3283
3170
3171
3172
3173
3174
3175
3176
3177
3178
3179
3180
3181
3182
3183
3184
3185
3186
3187
3190
3196
3255
3286
3287
3188
3189
3190
3191
3192
3286
3287
3193
3194
3195
3253
3286
3287
3196
3197
3286
3287
3198
3286
3287
3288
3199
3200
3201
3202
3203
3204
3215
3230
3237
3259
3261
3263
3265
3268
3289
3205
3206
3289
3259
3289
3207
3289
3208
3209
3211
3220
3259
3264
3265
3266
3267
3268
3276
3290
3209
3210
3211
3212
3213
3214
3263
3290
3217
3259
3263
3268
3290
3215
3263
3267
3276
3290
3216
3219
3263
3266
3290
3217
3259
3263
3265
3290
3218
3290
3219
3220
3221
3291
3222
3291
3223
3272
3273
3292
3224
3272
3274
3292
3225
3273
3292
3226
3292
3227
3263
3266
3290
3293
3228
3295
3229
3295
3295
3230
3231
3232
3233
3234
3235
3236
3237
3238
3239
3240
3241
3242
3243
3244
3245
3297
3246
3247
3248
3249
3250
3251
3297
3249
3250
3251
3297
3252
3297
3297
3297
3253
3254
3255
3256
3257
3298
3253
3254
3255
3256
3257
3298
3258
3299
3259
3260
3261
3262
3300
3263
3264
3265
3266
3267
3268
3269
3276
3301
3302
3270
3271
3293
3295
3301
3302
3272
3273
3274
3275
3301
3302
3276
3291
3295
3301
3302
3301
3302
3277
3278
3279
3291
3293
3303
3305
3280
3281
3282
3283
3284
3285
3306
3286
3287
3306
3288
3306
3289
3307
3290
3291
3292
3293
3294
3303
3304
3310
3290
3291
3292
3293
3294
3303
3304
3310
3295
3301
3302
3310
3301
3302
3310
3296
3310
3297
3298
3299
3311
3300
3311
3311
3312
3301
3302
3303
3304
3305
3313
3306
3307
3308
3314
3309
3314
3310
3314
3311
3312
3313
3315
3314
3316
3317
3318
3315
3318
3315
3318
3315
3316
3317
3321
3321
3321
3318
3319
3320
3323
3323
3321
3322
3324
3323
3326
3325
