0
4
7
10
13
16
19
24
27
30
33
35
36
37
38
39
40
41
42
43
44
45
46
47
48
50
53
56
58
59
60
61
62
63
64
66
68
70
73
75
77
78
79
80
81
83
85
87
88
89
90
91
92
93
94
95
96
98
100
102
106
109
113
117
120
122
123
125
127
129
130
132
134
136
137
138
139
141
145
148
150
151
152
154
156
158
160
161
162
163
165
167
169
171
174
177
181
185
187
188
189
190
191
192
194
196
198
200
202
204
206
207
209
210
211
213
215
216
218
220
223
224
225
226
227
228
229
230
231
232
233
235
236
237
239
240
241
243
244
245
246
248
249
251
253
256
257
258
259
261
263
265
268
270
271
273
275
278
279
280
282
283
285
286
288
289
290
291
292
293
294
295
296
297
299
300
301
302
303
304
305
306
307
309
311
312
313
314
316
317
318
319
320
321
322
323
324
325
327
328
329
330
331
332
334
337
340
343
344
345
346
347
349
350
351
352
353
354
355
356
357
359
360
361
363
366
368
371
374
377
379
381
382
384
386
387
391
392
393
394
395
396
397
398
399
401
402
403
404
405
406
407
408
409
410
411
413
414
415
416
417
419
421
422
424
426
428
429
430
431
432
433
434
435
436
437
439
440
441
442
443
444
445
446
447
448
449
450
451
453
454
455
456
457
459
460
461
465
466
467
468
469
473
475
477
479
481
482
483
485
486
487
488
489
490
491
493
494
495
496
497
498
499
500
501
502
503
504
505
506
507
509
510
511
513
514
515
516
517
519
520
521
522
523
524
525
526
527
528
530
533
536
539
543
544
545
546
549
550
551
552
553
554
555
557
559
560
561
562
563
564
565
567
568
569
570
573
574
575
577
578
579
580
581
582
583
584
585
587
588
589
590
591
592
593
594
595
596
598
599
602
604
605
606
607
608
609
610
611
612
613
614
615
616
617
618
619
620
621
622
623
624
626
627
628
629
631
633
636
637
639
641
644
645
646
647
648
650
651
652
653
654
655
656
657
659
661
664
665
667
669
670
671
672
673
674
675
676
677
679
680
682
684
687
688
689
691
692
693
694
695
696
697
699
700
701
702
703
705
706
707
709
710
711
713
715
717
718
719
720
721
722
723
724
725
726
727
728
731
733
734
735
736
737
738
739
740
741
743
744
745
746
747
749
750
752
753
754
756
757
758
759
760
761
762
763
764
768
770
772
773
778
779
780
781
782
783
784
788
791
794
798
799
800
801
802
803
804
806
807
808
809
810
811
812
813
814
816
817
818
819
820
821
822
823
824
826
828
829
830
831
832
833
834
836
837
838
839
841
843
846
847
848
849
850
851
852
854
855
856
857
858
859
860
862
864
865
866
867
868
869
870
872
873
875
876
878
881
885
889
892
896
897
898
899
900
901
902
904
905
906
908
912
914
916
918
919
924
925
926
930
931
932
934
935
936
937
940
941
942
944
945
946
947
948
949
950
951
952
953
954
955
957
959
961
963
964
968
972
976
979
982
983
986
987
988
989
990
992
993
994
995
996
998
999
1000
1001
1006
1007
1008
1009
1010
1011
1012
1013
1014
1015
1016
1018
1020
1021
1022
1026
1029
1031
1034
1035
1036
1037
1038
1039
1040
1042
1043
1045
1047
1048
1052
1053
1054
1055
1056
1057
1058
1059
1060
1061
1062
1063
1066
1067
1068
1069
1072
1073
1074
1075
1076
1077
1078
1080
1081
1082
1083
1084
1086
1087
1090
1091
1092
1094
1095
1096
1097
1099
1102
1105
1107
1109
1110
1111
1118
1119
1120
1121
1124
1127
1130
1132
1133
1138
1139
1140
1141
1142
1143
1144
1145
1146
1148
1149
1150
1151
1152
1156
1161
1164
1166
1170
1171
1172
1173
1174
1176
1177
1178
1179
1182
1183
1184
1185
1186
1187
1188
1189
1190
1191
1192
1193
1194
1196
1197
1198
1199
1200
1201
1203
1204
1205
1206
1207
1208
1209
1210
1211
1212
1213
1214
1215
1217
1218
1219
1221
1222
1223
1224
1225
1226
1227
1228
1229
1231
1232
1233
1234
1236
1238
1239
1240
1241
1242
1243
1244
1246
1248
1250
1261
1264
1266
1270
1274
1277
1278
1279
1280
1281
1282
1283
1284
1285
1286
1287
1289
1290
1293
1295
1299
1303
1306
1308
1313
1314
1315
1316
1317
1318
1319
1320
1321
1323
1325
1328
1331
1334
1336
1341
1343
1344
1346
1347
1348
1349
1352
1357
1362
1367
1372
1378
1379
1380
1381
1382
1384
1385
1386
1388
1390
1392
1394
1395
1396
1402
1403
1404
1406
1407
1408
1409
1410
1411
1412
1413
1414
1415
1416
1417
1418
1420
1421
1422
1423
1424
1425
1426
1427
1428
1430
1432
1433
1434
1435
1436
1437
1440
1441
1442
1443
1444
1445
1446
1448
1450
1451
1455
1457
1459
1463
1464
1466
1467
1468
1469
1470
1471
1472
1473
1474
1475
1476
1477
1478
1479
1480
1481
1482
1483
1484
1485
1487
1488
1489
1490
1491
1492
1493
1494
1495
1497
1498
1499
1500
1501
1502
1503
1505
1506
1510
1511
1512
1514
1515
1516
1518
1519
1520
1521
1523
1525
1528
1529
1532
1533
1534
1535
1538
1539
1540
1541
1544
1545
1546
1547
1548
1549
1550
1552
1553
1554
1555
1557
1559
1562
1563
1564
1565
1566
1567
1568
1569
1572
1573
1574
1575
1576
1578
1579
1580
1581
1582
1584
1585
1586
1588
1590
1591
1592
1593
1594
1595
1596
1597
1599
1600
1601
1602
1603
1604
1605
1606
1607
1608
1609
1610
1611
1613
1616
1618
1621
1622
1625
1627
1629
1631
1635
1636
1637
1638
1639
1642
1644
1647
1648
1649
1650
1651
1652
1653
1654
1655
1656
1657
1658
1659
1663
1664
1665
1666
1667
1669
1670
1671
1672
1673
1674
1675
1676
1677
1678
1679
1680
1681
1682
1683
1684
1685
1686
1687
1688
1689
1693
1695
1696
1697
1698
1699
1701
1702
1703
1707
1709
1710
1711
1712
1713
1714
1715
1716
1717
1718
1719
1720
1721
1723
1725
1730
1734
1737
1738
1740
1742
1744
1747
1748
1749
1753
1754
1755
1756
1757
1758
1759
1760
1761
1763
1764
1765
1766
1767
1768
1769
1770
1771
1772
1773
1774
1775
1777
1779
1780
1782
1783
1787
1790
1793
1795
1796
1798
1804
1806
1809
1811
1812
1813
1814
1815
1816
1817
1818
1820
1821
1823
1825
1826
1827
1828
1830
1832
1833
1837
1841
1843
1845
1846
1848
1849
1850
1856
1859
1862
1866
1867
1870
1872
1873
1874
1875
1877
1878
1881
1883
1884
1885
1888
1889
1890
1891
1894
1896
1897
1898
1900
1901
1902
1903
1904
1906
1907
1908
1909
1910
1911
1913
1914
1915
1916
1919
1921
1922
1923
1924
1926
1927
1928
1929
1931
1932
1933
1935
1938
1940
1941
1942
1944
1946
1947
1949
1950
1954
1957
1958
1961
1964
1965
1966
1967
1969
1973
1975
1977
1978
1979
1981
1983
1985
1987
1988
1990
1994
1997
1998
2001
2003
2006
2009
2013
2014
2015
2016
2019
2021
2022
2023
2027
2029
2031
2035
2038
2041
2044
2045
2047
2049
2052
2054
2057
2063
2070
2073
2074
2079
2082
2083
2084
2090
2095
2096
2107
2113
2119
2124
2125
2128
2130
2131
2133
2134
2136
2137
2138
2142
2145
2147
2148
2151
2154
2156
2157
2158
2162
2165
2166
2175
2177
2179
2180
2183
2184
2187
2188
2191
2192
2193
2197
2199
2200
2201
2205
2208
2211
2214
2216
2218
2220
2221
2222
2223
2224
2226
2228
2229
2230
2232
2233
2234
2235
2236
2237
2238
2239
2242
2244
2246
2247
2249
2251
2252
2256
2257
2258
2259
2260
2261
2263
2265
2267
2269
2271
2272
2276
2278
2280
2282
2283
2285
2287
2291
2292
2296
2299
2301
2303
2304
2305
2311
2312
2317
2322
2325
2328
2329
2331
2336
2341
2346
2349
2350
2351
2353
2355
2359
2362
2364
2369
2371
2374
2376
2378
2380
2381
2382
2383
2384
2385
2389
2392
2393
2395
2397
2403
2409
2411
2413
2415
2419
2422
2425
2428
2446
2454
2462
2469
2476
2482
2487
2492
2497
2501
2505
2508
2510
2512
2514
2515
2516
2517
2518
2519
2521
2522
2523
2525
2526
2529
2531
2534
2536
2538
2539
2540
2541
2542
2543
2544
2549
2550
2551
2552
2553
2554
2555
2564
2569
2574
2578
2580
2582
2584
2586
2587
2588
2592
2598
2603
2608
2612
2614
2618
2621
2623
2625
2626
2631
2632
2633
2635
2636
2638
2639
2640
2641
2642
2643
2644
2645
2647
2649
2652
2654
2655
2660
2662
2663
2670
2673
2675
2678
2680
2681
2688
2691
2693
2696
2699
2702
2705
2711
2714
2716
2719
2724
2727
2736
2739
2744
2747
2757
2764
2765
2768
2772
2776
2779
2782
2784
2791
2793
2794
2796
2798
2800
2803
2808
2811
2813
2815
2816
2817
2820
2823
2825
2827
2828
2835
2837
2838
2839
2841
2843
2846
2847
2848
2849
2851
2853
2855
2856
2857
2861
2863
2864
2867
2869
2870
2871
2872
2873
2874
2877
2878
2879
2880
2881
2882
2884
2885
2888
2892
2894
2898
2901
2902
2904
2906
2908
2910
2912
2914
2918
2920
2926
2935
2940
2945
2947
2952
2956
2958
2959
2961
2962
2963
2984
2985
2989
2991
2992
2993
2998
3002
3004
3006
3008
3009
3013
3014
3015
3016
3017
3020
3023
3025
3026
3029
3031
3033
3035
3038
3042
3044
3045
3046
3048
3051
3052
3054
3056
3058
3059
3060
3063
3064
3067
3071
3072
3074
3076
3077
3079
3081
3082
3083
3084
3085
3086
3087
3088
3089
3092
3108
3113
3118
3121
3124
3127
3130
3131
3133
3140
3143
3146
3148
3149
3150
3151
3154
3156
3158
3160
3167
3168
3171
3174
3177
3182
3183
3184
3185
3186
3188
3189
3192
3195
3197
3203
3204
3205
3207
3209
3210
3212
3213
3214
3216
3218
3223
3225
3228
3230
3231
3232
3236
3237
3240
3242
3244
3245
3247
3250
3251
3253
3254
3255
3256
3257
3258
3259
3260
3262
3263
3267
3270
3273
3275
3277
3278
3279
3280
3283
3286
3287
3288
3289
3290
3291
3293
3299
3304
3306
3308
3309
3315
3319
3323
3326
3329
3331
3333
3335
3337
3339
3340
3341
3345
3350
3355
3361
3363
3365
3367
3369
3370
3374
3375
3377
3381
3383
3385
3386
3393
3400
3405
3407
3409
3410
3411
3417
3423
3426
3427
3433
3437
3439
3445
3448
3452
3455
3459
3461
3463
3464
3465
3466
3467
3469
3473
3475
3477
3479
3481
3485
3489
3491
3496
3501
3505
3508
3511
3514
3515
3519
3521
3523
3525
3526
3531
3538
3542
3545
3548
3550
3552
3554
3555
3558
3561
3562
3564
3566
3577
3587
3597
3605
3613
3621
3628
3635
3641
3647
3653
3659
3665
3671
3677
3682
3687
3691
3694
3698
3702
3706
3710
3713
3716
3719
3722
3725
3728
3731
3734
3736
3738
3740
3742
3744
3746
3748
3750
3752
3754
3756
3758
3760
3762
3764
3766
3768
3770
3772
3773
3774
3775
3776
3779
3780
3784
3787
3790
3791
3796
3799
3801
3813
3815
3818
3826
3828
3829
3837
3838
3840
3842
3845
3847
3849
3852
3854
3855
3858
3866
3872
3875
3877
3880
3885
3886
3887
3888
3889
3891
3893
3895
3897
3900
3901
3906
3910
3914
3918
3921
3924
3927
3929
3931
3932
3933
3934
3935
3936
3937
3939
3941
3942
3943
3944
3949
3951
3953
3954
3957
3960
3962
3963
3964
3965
3969
3971
3972
3973
3974
3975
3976
3979
3980
3983
3986
3990
3991
3993
3995
3996
4004
4007
4009
4010
4014
4022
4026
4030
4033
4035
4036
4037
4045
4050
4052
4062
4069
4074
4078
4082
4085
4088
4090
4099
4106
4113
4115
4118
4120
4121
4133
4137
4144
4147
4149
4150
4153
4157
4159
4162
4171
4179
4186
4191
4194
4196
4198
4201
4204
4209
4214
4218
4222
4225
4228
4235
4239
4242
4245
4248
4250
4251
4253
4265
4268
4270
4271
4277
4279
4282
4288
4290
4293
4296
4298
4299
4309
4319
4327
4330
4334
4336
4338
4339
4341
4349
4351
4355
4358
4361
4363
4364
4372
4379
4384
4388
4389
4392
4396
4398
4402
4404
4406
4408
4410
4411
4413
4417
4420
4424
4426
4428
4429
4432
4434
4436
4437
4438
4454
4456
4458
4460
4461
4462
4473
4479
4481
4491
4498
4502
4512
4522
4526
4541
4556
4561
4566
4568
4570
4572
4575
4577
4579
4582
4584
4585
4586
4587
4589
4593
4596
4601
4604
4605
4607
4614
4615
4618
4620
4622
4625
4627
4628
4634
4636
4637
4640
4641
4643
4644
4645
4647
4648
4649
4653
4654
4663
4670
4676
4679
4682
4685
4686
4687
4688
4691
4693
4694
4695
4705
4707
4709
4710
4714
4716
4718
4719
4720
4723
4725
4726
4727
4732
4736
4738
4740
4742
4755
4760
4764
4768
4770
4772
4774
4775
4777
4779
4780
4784
4788
4789
4797
4803
4809
4813
4814
4816
4817
4818
4822
4833
4836
4838
4847
4850
4852
4854
4856
4866
4869
4871
4872
4874
4881
4888
4893
4895
4898
4905
4911
4914
4915
4916
4919
4922
4923
4924
4959
4993
5023
5035
5044
5052
5059
5066
5072
5078
5083
5085
5086
5092
5097
5102
5107
5110
5113
5116
5118
5125
5129
5133
5134
5138
5141
5144
5145
5146
5153
5165
5174
5182
5190
5197
5202
5204
5223
5226
5229
5231
5234
5246
5248
5276
5282
5283
5288
5293
5298
5302
5305
5308
5310
5316
5415
5417
5423
5435
5447
5456
5462
5467
5472
5477
5481
5484
5486
5488
5490
5492
5493
5497
5500
5502
5504
5508
5511
5518
5524
5529
5533
5537
5540
5542
5544
5545
5546
5548
5550
5551
5554
5556
5560
5563
5566
5572
5578
5584
5589
5591
5593
5596
5598
5600
5602
5604
5606
5607
5610
5611
5612
5615
5617
5619
5620
5621
5625
5636
5640
5643
5647
5648
5656
5661
5665
5669
5672
5675
5676
5680
5682
5683
5684
5685
5686
5687
5688
5691
5694
5695
5697
5703
5708
5711
5712
5716
5719
5720
5722
5724
5725
5728
5731
5734
5736
5738
5739
5745
5747
5749
5750
5751
5753
5755
5757
5759
5761
5762
5764
5765
5767
5769
5771
5773
5775
5777
5795
5802
5806
5809
5815
5821
5825
5827
5842
5853
5862
5863
5875
5887
5896
5902
5908
5914
5918
5922
5926
5930
5934
5937
5939
5950
5955
5959
5960
5962
5964
5976
5986
5996
6001
6004
6007
6010
6013
6014
6015
6022
6028
6033
6037
6041
6044
6047
6050
6053
6063
6070
6075
6081
6084
6086
6091
6093
6100
6102
6103
6123
6132
6140
6145
6156
6161
6164
6166
6167
6168
6171
6174
6176
6177
6178
6179
6181
6183
6185
6186
6187
6190
6193
6197
6199
6207
6208
6209
6213
6234
6249
6263
6278
6292
6305
6317
6328
6338
6348
6357
6365
6369
6386
6399
6400
6401
6402
6403
6406
6407
6413
6417
6419
6420
6426
6432
6436
6439
6442
6447
6450
6453
6456
6458
6460
6461
6464
6471
6476
6481
6485
6489
6491
6493
6495
6497
6503
6509
6514
6519
6524
6527
6529
6531
6536
6538
6540
6542
6545
6548
6551
6555
6556
6561
6565
6570
6571
6576
6580
6583
6598
6604
6606
6609
6610
6616
6622
6628
6634
6641
6642
6643
6650
6651
6657
6663
6666
6668
6670
6671
6678
6683
6686
6689
6692
6694
6695
6705
6707
6708
6713
6715
6717
6719
6724
6728
6736
6742
6750
6752
6758
6762
6765
6768
6771
6773
6775
6778
6781
6783
6784
6785
6801
6828
6837
6846
6852
6855
6856
6857
6869
6876
6882
6888
6892
6895
6898
6900
6910
6915
6919
6922
6925
6927
6938
6944
6948
6952
6955
6978
6984
6989
6993
6996
7011
7022
7027
7033
7035
7037
7048
7058
7060
7064
7065
7069
7072
7074
7076
7078
7080
7086
7089
7092
7094
7096
7098
7100
7110
7126
7138
7149
7152
7154
7158
7161
7162
7163
7174
7178
7187
7190
7195
7197
7200
7203
7206
7208
7212
7216
7218
7225
7231
7234
7237
7239
7241
7244
7246
7247
7256
7259
7261
7263
7269
7272
7275
7278
7280
7282
7284
7285
7295
7305
7314
7318
7322
7325
7354
7362
7368
7373
7376
7395
7411
7423
7430
7437
7444
7450
7454
7456
7458
7464
7466
7468
7469
7470
7476
7482
7486
7490
7493
7494
7496
7498
7499
7500
7501
7502
7519
7524
7528
7531
7533
7534
7535
7536
7538
7540
7550
7555
7558
7559
7562
7578
7580
7581
7582
7583
7585
7587
7591
7594
7595
7596
7597
7603
7605
7615
7625
7633
7640
7645
7649
7653
7657
7661
7664
7667
7670
7673
7675
7677
7679
7681
7683
7685
7687
7689
7691
7693
7695
7696
7697
7698
7699
7700
7701
7702
7703
7704
7705
7706
7707
7708
7709
7710
7715
7719
7722
7724
7727
7729
7741
7752
7757
7762
7766
7768
7770
7772
7777
7780
7782
7784
7789
7791
7794
7795
7800
7803
7812
7818
7820
7828
7829
7830
7844
7856
7866
7873
7879
7884
7889
7892
7895
7897
7899
7901
7903
7905
7907
7909
7911
7914
7916
7920
7926
7931
7936
7940
7944
7947
7950
7953
7955
7957
7960
7963
7964
7972
7974
7976
7978
7980
7982
7984
7988
7991
7993
7994
7995
7996
7997
7998
7999
8001
8002
8004
8005
8007
8010
8013
8016
8021
8025
8028
8031
8032
8034
8036
8040
8044
8048
8052
8055
8058
8061
8063
8064
8065
8066
8067
8072
8075
8076
8078
8096
8106
8116
8122
8124
8126
8132
8133
8135
8136
8143
8145
8146
8156
8166
8168
8170
8177
8188
8196
8203
8209
8215
8221
8226
8230
8233
8236
8239
8242
8245
8247
8249
8251
8253
8254
8305
8312
8315
8318
8319
8320
8324
8327
8338
8344
8347
8350
8353
8356
8358
8360
8362
8363
8364
8368
8371
8374
8377
8392
8394
8400
8404
8408
8411
8414
8416
8417
8418
8419
8420
8421
8424
8427
8430
8432
8433
8439
8441
8450
8455
8459
8461
8462
8463
8469
8473
8476
8479
8481
8484
8487
8489
8491
8493
8499
8504
8507
8508
8510
8512
8513
8514
8516
8522
8527
8529
8534
8537
8539
8541
8545
8546
8552
8554
8555
8558
8560
8561
8562
8563
8574
8576
8577
8578
8579
8581
8584
8585
8588
8590
8591
8592
8593
8595
8596
8602
8604
8608
8610
8611
8613
8616
8620
8625
8628
8631
8653
8668
8674
8679
8683
8687
8691
8695
8699
8703
8706
8709
8712
8714
8716
8718
8719
8720
8737
8744
8749
8751
8753
8760
8763
8764
8771
8773
8779
8785
8788
8790
8792
8794
8795
8798
8800
8802
8806
8815
8819
8823
8826
8829
8830
8833
8834
8838
8840
8845
8850
8851
8855
8856
8858
8860
8861
8862
8864
8868
8873
8877
8880
8883
8885
8887
8889
8891
8893
8894
8895
8896
8897
8898
8899
8900
8902
8903
8904
8909
8911
8913
8914
8937
8944
8950
8954
8957
8958
8973
8976
8978
8980
8992
9000
9005
9010
9015
9020
9022
9026
9028
9032
9036
9039
9041
9046
9048
9050
9051
9068
9075
9079
9081
9082
9083
9089
9095
9097
9102
9112
9118
9124
9129
9131
9137
9138
9145
9148
9150
9152
9160
9168
9172
9175
9177
9181
9183
9184
9185
9191
9195
9197
9199
9203
9207
9209
9211
9215
9216
9217
9221
9222
9225
9226
9227
9228
